0 0 0 0 1 0 0 0 0 0 0 0 0 0 0 0 0 0 0 1 0 0 0 0 0 0 1 0 1 0 2 0 1 0 0 1 0 0 1 0 0 1 1 2 1 2 0 0 1 1 1 2 2 1 1 1 2 1 0 1 1 2 2 2 2 1 1 2 2 2 1 2 1 2 1 2 1 1 1 2 2 2 1 2 2 1 2 1 5 2 2 2 2 2 1 2 2 2 2 11 5 2 2 2 2 5 74 214 13589 
0 0 0 0 0 0 0 1 0 1 0 1 0 0 0 0 0 0 0 0 1 0 1 0 0 0 0 1 1 0 0 0 0 1 1 0 0 0 0 0 1 1 1 1 0 0 0 1 1 1 0 1 1 0 1 1 1 2 1 2 4 1 1 2 2 1 1 2 1 4 2 1 2 2 1 2 2 2 2 2 2 2 2 2 2 2 2 2 4 2 2 2 2 5 2 5 2 14 2 14 2 2 8 2 44 41 53 35 13268 
0 0 0 0 0 2 0 0 0 0 0 0 0 0 0 0 0 0 0 0 1 0 0 1 0 0 0 1 1 0 0 0 1 0 2 1 0 1 0 1 1 0 1 1 1 1 1 0 0 2 1 1 0 2 1 1 2 1 1 1 1 0 1 0 1 2 1 1 2 1 1 2 2 2 2 2 2 2 2 2 2 2 2 1 5 2 4 2 2 2 2 2 5 4 2 2 2 5 17 2 2 26 2 7 2 47 11 68 11666 
0 0 0 0 0 0 0 1 0 0 0 0 0 0 0 0 1 0 0 0 1 1 2 0 0 1 0 2 1 0 0 1 1 0 0 1 1 1 0 2 1 2 1 1 0 1 1 0 1 1 0 1 1 1 1 0 0 1 0 1 1 0 1 2 2 2 0 0 5 1 2 2 1 4 2 0 2 2 5 2 2 2 2 5 2 1 2 5 2 8 2 1 8 1 2 5 8 44 5 2 8 2 2 23 8 59 23 56 11789 
0 0 0 0 0 1 0 0 0 0 0 0 0 0 0 0 0 0 0 0 0 1 0 0 0 0 1 0 0 1 1 1 0 1 1 0 1 1 0 0 1 1 1 1 2 0 1 1 2 0 1 0 1 1 2 0 1 1 1 2 2 1 1 1 1 1 0 2 2 1 2 2 1 2 2 2 0 2 2 2 2 2 5 2 2 2 2 2 2 2 2 2 2 4 5 2 2 8 5 2 2 2 10 2 2 7 5 59 11515 
0 0 0 0 0 0 0 0 0 0 0 0 0 0 0 0 0 0 1 0 0 0 0 0 1 1 1 0 1 0 1 0 1 0 0 0 1 0 1 1 0 0 1 1 1 1 0 2 0 1 1 2 2 1 1 2 1 2 1 2 2 0 2 2 1 1 1 2 2 0 1 2 2 1 2 1 1 2 2 1 1 2 1 8 2 2 2 5 2 8 2 2 2 2 8 1 2 2 2 2 4 2 2 2 5 17 2 44 10727 
0 0 0 0 0 0 0 0 0 0 0 0 1 1 0 0 0 0 1 0 0 0 0 1 0 0 1 0 0 1 1 0 0 1 1 2 1 2 0 1 2 2 0 2 0 1 2 0 1 0 1 0 1 3 0 1 0 1 2 2 1 2 1 0 1 1 2 1 2 1 2 1 1 2 1 4 2 1 2 2 1 2 4 1 2 2 2 2 2 2 2 2 5 7 5 14 8 5 2 2 2 2 2 17 2 14 5 32 11205 
0 0 0 0 0 0 0 0 0 0 0 0 0 0 0 0 0 0 0 0 0 0 0 0 0 1 1 1 1 0 0 1 1 0 1 0 1 1 0 1 0 1 1 1 0 1 1 2 0 1 0 1 0 2 1 2 1 1 1 2 2 1 1 0 2 2 1 1 2 2 1 2 2 5 2 1 2 2 1 2 2 1 2 1 2 2 2 2 2 2 2 2 2 1 2 2 2 5 2 5 7 11 14 35 5 17 11 32 13489 
0 0 0 0 0 0 0 0 0 1 0 0 0 0 1 0 0 0 0 1 0 0 0 1 0 0 0 0 1 2 0 0 1 1 2 0 2 1 0 0 1 1 0 1 2 1 2 0 2 2 0 1 1 1 1 0 2 2 1 1 0 1 1 1 0 1 0 2 1 2 1 1 2 2 2 1 1 2 1 2 2 1 2 1 2 2 2 2 2 5 1 2 5 2 5 2 2 2 2 2 2 2 2 5 11 17 31 98 13833 
0 0 0 0 0 0 0 0 0 0 0 0 0 0 0 1 0 0 0 0 0 0 0 1 0 0 0 0 0 0 0 0 0 1 1 1 1 1 0 0 1 0 1 1 2 2 1 1 1 1 0 1 1 1 1 1 1 1 1 1 1 2 1 1 1 1 2 1 2 2 1 2 2 2 2 5 5 2 2 0 2 2 2 1 2 2 2 2 2 8 2 11 5 1 5 2 5 5 2 5 2 2 17 8 5 23 2 107 12727 
0 0 0 0 0 1 0 1 0 0 0 0 0 0 0 0 0 0 0 0 0 0 1 0 0 0 0 1 1 0 0 0 2 1 1 0 1 0 2 0 1 0 2 1 2 1 1 0 0 1 1 0 0 1 1 2 1 2 1 0 2 1 1 1 1 2 1 1 4 1 2 2 1 1 1 2 2 2 1 2 2 2 2 7 5 2 2 2 5 2 2 2 2 2 2 5 8 2 5 2 5 5 2 5 5 11 32 25 11020 
1 0 0 0 0 0 0 1 0 0 0 0 0 0 0 0 0 0 1 0 0 0 2 0 0 1 0 1 0 1 0 1 1 0 0 1 0 0 0 1 0 1 4 0 0 2 1 1 2 0 0 0 1 1 1 2 1 0 1 1 2 2 2 1 1 1 1 2 2 1 2 2 1 2 2 2 2 1 5 2 1 2 1 2 2 2 1 2 2 2 2 2 8 2 2 11 2 5 5 1 5 4 5 17 2 35 62 5 14862 
0 1 0 0 0 0 0 0 0 0 0 1 0 0 0 0 0 0 0 0 1 0 0 0 0 0 1 0 1 1 0 1 0 1 1 0 1 0 1 0 2 0 1 1 0 0 1 1 2 1 2 1 1 0 2 0 2 1 2 1 0 1 2 2 2 1 1 0 1 2 1 2 1 2 2 1 2 2 2 5 1 2 2 2 4 2 2 4 2 2 4 1 2 5 5 2 8 5 2 2 11 11 2 2 5 8 5 80 7023 
1 0 0 0 0 0 0 0 0 0 0 0 0 0 1 0 0 0 0 0 0 0 0 0 1 0 1 0 0 0 1 0 0 0 0 0 1 0 1 1 1 1 1 1 0 2 1 1 1 1 0 1 1 1 1 2 0 1 1 2 1 1 2 2 4 2 1 2 2 1 4 2 2 2 2 2 2 2 2 2 5 2 2 1 1 2 5 2 2 2 2 2 2 2 2 5 2 5 5 17 8 3 2 20 17 1 5 10 10492 
0 0 0 0 0 0 0 0 0 0 0 0 0 1 0 0 1 1 0 0 0 0 0 0 0 0 0 1 0 0 0 0 0 0 1 0 1 1 0 0 0 1 1 0 2 1 1 1 2 1 1 2 1 1 2 0 1 1 2 1 2 1 2 2 2 1 2 1 1 2 5 1 2 2 2 2 1 2 1 11 1 2 5 2 8 2 2 4 2 2 11 1 5 2 4 8 8 4 5 8 1 29 8 5 8 11 17 146 9152 
0 0 0 0 0 0 0 1 0 0 0 0 0 0 0 0 0 0 0 0 0 0 0 0 0 0 0 0 0 0 1 0 1 2 1 2 2 1 1 0 1 1 2 1 1 0 1 1 1 2 1 1 0 1 1 2 0 1 2 1 0 1 1 1 1 0 2 2 1 2 2 1 1 2 1 1 5 2 2 1 2 1 2 2 2 2 2 1 2 2 2 2 2 2 4 11 2 2 5 2 2 2 5 11 2 5 5 80 10171 
0 1 0 0 0 0 0 0 0 0 0 0 0 0 0 0 0 0 0 0 0 0 0 1 0 1 1 1 0 1 0 0 0 0 1 0 1 0 1 2 0 1 1 1 0 1 1 1 1 1 2 0 2 1 1 2 1 1 1 0 2 2 1 0 2 1 1 1 5 1 2 1 2 1 2 2 2 2 2 0 2 2 2 2 2 2 2 2 2 1 2 11 2 2 1 2 2 2 5 1 5 2 14 2 2 2 8 38 11697 
0 0 0 0 0 0 1 0 0 0 0 0 0 1 0 0 0 0 1 0 0 0 1 0 1 0 0 1 1 0 0 0 1 1 2 0 0 0 1 0 1 1 1 1 1 1 0 1 1 2 2 2 2 1 1 2 1 1 2 2 2 0 0 1 1 0 2 2 2 1 3 1 2 4 0 2 1 2 2 2 2 2 6 2 2 2 1 4 2 1 2 2 2 1 5 2 8 2 2 2 2 2 2 11 8 38 29 11 9910 
1 0 0 0 0 1 0 0 0 0 0 0 0 0 0 0 1 0 0 0 0 0 0 0 0 0 0 1 1 1 1 1 1 1 0 1 1 0 2 0 0 0 1 0 2 0 0 1 2 1 0 1 2 0 1 0 1 1 2 1 2 1 1 1 2 2 2 2 0 2 1 2 2 1 1 2 2 2 2 1 1 2 2 2 5 2 2 2 1 2 5 1 1 2 2 2 2 5 2 11 2 2 2 5 1 5 62 5 15069 
0 0 0 0 0 0 0 0 0 0 0 0 0 0 0 0 0 0 0 0 0 0 1 1 1 1 0 0 0 0 0 0 0 0 1 0 1 1 0 2 2 0 1 1 1 1 0 1 1 1 2 1 1 2 2 1 0 1 0 1 1 1 1 1 1 2 1 2 1 2 1 2 2 1 1 2 5 2 2 2 2 2 1 1 5 5 2 2 2 2 2 5 2 2 8 2 2 2 4 2 5 2 17 8 44 113 5 26 10765 
0 1 0 0 0 0 0 0 0 0 0 0 0 0 0 0 0 0 0 0 1 0 1 0 0 0 1 0 0 0 0 0 1 1 0 0 0 1 0 1 1 1 2 1 2 1 0 1 0 1 1 1 1 1 0 1 2 1 2 1 1 2 3 2 1 1 1 2 1 2 1 2 2 1 2 2 2 1 4 1 2 2 2 2 2 2 2 2 5 2 2 5 2 5 2 2 2 5 2 2 8 5 5 32 17 29 4 47 7912 
0 0 0 0 1 0 0 0 0 0 0 0 0 0 0 0 0 0 0 0 0 0 0 0 1 0 1 1 0 1 0 0 0 1 0 0 0 0 1 1 0 1 1 1 1 1 0 1 1 2 0 1 1 1 2 1 1 1 1 1 2 2 1 1 1 0 1 2 1 2 2 2 2 2 1 1 1 2 2 2 2 2 2 2 2 2 2 5 8 2 5 2 2 2 2 1 11 2 2 2 5 5 2 8 2 23 17 23 8715 
0 0 0 0 0 0 0 0 0 0 0 0 0 0 0 0 1 0 0 0 1 0 0 0 0 0 0 0 1 0 0 0 1 0 1 0 0 1 2 1 2 0 1 0 1 1 1 1 1 2 0 1 1 1 1 2 1 1 1 2 1 2 1 2 0 2 1 2 2 2 2 1 1 1 2 2 2 2 2 2 2 4 1 2 1 2 1 1 2 1 2 2 8 2 5 2 8 2 5 5 11 2 2 2 8 5 20 20 14532 
0 0 0 1 2 0 0 0 0 0 0 0 0 0 0 1 0 0 0 0 1 1 0 0 0 0 0 1 0 1 2 0 0 0 1 2 0 1 1 1 1 0 0 2 0 1 1 1 0 2 1 0 0 1 1 1 1 2 0 2 2 2 0 2 2 4 2 1 1 2 4 2 5 1 2 1 2 2 2 1 2 1 2 5 2 2 1 11 0 5 4 5 2 1 2 4 8 2 2 5 5 8 8 5 1 8 8 20 11524 
0 0 0 0 0 0 0 0 0 0 0 1 0 0 0 0 0 0 0 1 0 0 1 0 0 2 0 1 1 1 0 0 1 1 0 0 0 0 1 1 1 0 1 1 2 0 2 1 1 0 2 1 1 1 2 0 1 1 1 0 2 0 1 2 2 0 2 1 2 2 1 4 1 5 2 2 1 1 1 2 2 2 2 2 2 2 2 1 4 2 5 2 2 2 2 2 2 8 2 2 5 5 1 2 5 8 29 101 12000 
0 0 0 0 0 0 0 0 0 0 0 0 0 0 0 0 0 0 0 0 0 1 1 0 0 1 1 0 2 1 0 1 0 2 1 0 0 1 0 0 1 2 1 0 0 1 1 1 1 1 0 1 2 1 1 1 1 0 1 1 2 1 0 2 1 2 2 0 1 1 2 2 1 1 2 2 2 2 2 2 2 2 2 1 2 2 2 2 1 2 5 2 1 2 2 5 2 8 2 14 1 11 2 2 5 2 47 26 12288 
0 0 0 1 0 0 0 1 0 0 0 1 0 0 0 0 0 0 1 1 0 1 0 1 1 0 0 0 1 0 0 1 2 1 0 1 0 1 0 0 1 0 0 0 1 2 0 1 1 0 1 0 1 1 2 1 1 2 1 2 0 0 1 2 2 1 2 2 2 1 2 2 1 2 2 0 2 1 1 1 1 2 2 2 5 1 2 2 5 5 8 2 5 2 2 11 2 3 5 5 8 11 11 23 2 23 53 107 11949 
0 0 0 0 0 0 0 0 0 0 0 1 0 0 0 0 1 0 1 0 0 0 0 1 0 0 0 1 1 0 1 0 1 0 1 1 1 0 1 0 1 0 0 1 2 1 0 0 1 2 1 1 0 1 0 1 2 0 1 2 2 0 1 2 2 1 2 1 1 1 2 1 2 2 1 1 2 2 8 2 2 1 2 2 1 2 2 1 2 2 2 2 2 2 2 8 8 2 2 2 2 2 2 2 8 26 11 20 12598 
0 0 0 0 0 0 0 0 0 0 1 1 0 0 0 0 0 0 0 0 0 0 0 0 1 0 0 1 0 1 1 0 0 0 0 1 0 2 0 0 1 1 0 0 1 0 1 1 2 1 1 1 2 2 0 1 1 2 2 1 1 1 2 1 1 2 2 1 1 1 2 1 2 1 2 1 2 2 1 8 2 2 2 4 2 2 2 2 5 2 1 2 2 2 2 2 8 4 8 2 11 11 8 8 14 2 20 86 13405 
0 0 0 1 0 0 0 0 0 0 0 0 0 0 0 0 1 0 0 0 0 0 1 0 0 0 0 0 0 0 1 1 1 0 2 0 1 1 0 1 0 2 2 1 0 1 0 0 1 1 1 1 2 1 1 1 1 0 2 1 1 1 2 1 2 1 2 1 1 0 5 2 2 1 2 1 2 2 2 2 2 2 2 2 2 5 2 1 2 2 1 2 2 5 2 2 2 5 11 2 2 5 1 4 2 8 5 29 14823 
0 1 0 0 0 0 0 1 0 0 0 1 0 1 0 0 0 0 0 0 0 0 1 1 0 1 1 0 0 0 0 0 0 0 0 0 0 0 1 1 1 1 1 0 1 1 0 0 1 1 1 1 1 2 1 1 1 0 2 2 1 2 0 2 2 2 2 1 2 2 2 2 2 2 2 2 5 1 2 4 1 2 1 1 2 2 2 2 2 1 2 5 3 5 2 2 5 2 14 11 2 8 8 2 31 2 38 44 12116 
0 0 0 0 0 0 0 0 0 0 0 0 0 0 0 0 0 0 0 1 0 1 0 1 1 1 0 1 0 1 1 1 0 0 0 0 2 0 1 1 0 1 1 1 0 1 2 1 1 1 1 1 1 1 1 2 0 0 2 1 1 5 2 2 1 1 2 2 1 2 0 0 1 1 2 2 1 0 2 2 0 2 2 2 1 5 2 2 2 2 2 2 2 2 2 2 8 2 2 2 8 2 5 17 5 11 5 2 10469 
0 0 0 0 0 0 0 0 0 0 0 0 0 1 0 0 0 0 0 0 0 0 1 1 1 0 0 0 0 0 0 0 2 2 0 1 1 2 0 0 1 0 2 1 1 1 1 1 0 1 0 1 1 2 0 4 1 2 4 0 2 1 2 2 1 2 1 2 1 1 1 2 2 1 1 2 2 1 2 2 1 2 2 1 2 1 1 2 1 2 2 2 2 2 2 2 5 2 2 2 8 2 11 11 2 8 5 47 7868 
0 0 0 0 0 0 0 0 0 0 0 0 0 0 1 0 0 0 0 0 1 1 0 0 0 0 0 0 1 1 1 1 1 1 0 1 1 1 0 1 0 1 0 1 2 0 1 0 1 1 2 1 2 0 0 0 1 2 2 2 2 0 1 2 2 1 1 1 2 1 1 1 1 2 2 2 2 0 1 2 2 2 1 2 2 2 8 1 2 2 7 2 5 2 2 2 2 2 2 2 14 2 2 20 14 2 11 56 10982 
0 0 0 0 0 0 0 0 0 0 0 0 0 0 0 0 0 0 0 0 1 0 1 0 0 0 0 1 0 0 0 0 0 1 0 0 1 0 1 1 1 1 0 1 2 1 1 1 1 2 0 1 2 2 1 1 0 1 1 2 1 1 2 1 1 1 2 1 2 2 1 2 2 2 2 1 1 1 1 2 1 2 2 2 2 2 2 2 2 5 4 8 5 11 2 5 5 5 11 8 2 2 8 2 23 2 2 2 13086 
0 0 0 0 0 0 0 0 0 0 0 1 0 0 0 0 1 0 0 0 0 1 0 1 0 1 1 1 0 1 0 1 1 0 1 0 0 0 2 0 0 1 2 2 1 2 1 0 1 0 2 1 1 1 1 1 1 2 1 1 1 0 2 2 0 0 1 1 2 2 2 2 2 2 2 2 2 4 0 1 2 1 3 2 1 5 1 2 2 2 2 2 1 2 8 2 8 11 5 20 2 5 5 17 2 5 29 143 12797 
0 0 0 0 0 0 0 0 0 1 0 0 0 0 0 0 1 1 0 0 0 0 1 0 1 0 0 1 1 1 0 1 1 0 1 1 0 0 1 1 0 0 1 1 1 1 0 2 0 0 1 0 2 2 2 1 2 2 2 0 1 1 1 1 2 3 1 0 0 4 2 2 2 1 2 2 2 1 2 2 2 2 2 2 1 2 2 1 2 2 5 5 2 5 5 2 5 11 2 5 2 10 8 2 23 2 43 41 12290 
0 0 0 0 0 0 0 0 0 1 0 0 0 0 0 1 0 1 0 0 0 0 0 0 0 0 0 1 1 0 1 0 1 1 1 0 2 2 1 0 1 1 2 1 2 0 1 1 1 1 1 2 2 0 0 0 2 1 1 0 2 1 1 0 1 2 2 1 2 2 2 2 1 2 2 1 1 1 2 1 1 0 1 2 2 2 0 7 5 2 2 5 5 2 5 2 5 5 2 5 5 20 2 29 11 5 41 2 13065 
0 0 1 1 0 1 0 0 0 0 0 0 0 1 0 0 0 0 1 0 0 0 0 1 0 0 0 0 1 0 0 2 0 0 0 1 1 1 0 0 0 0 1 1 1 0 1 0 2 0 1 1 1 1 1 2 1 1 2 1 0 2 1 0 1 1 2 2 2 2 2 1 4 1 2 1 2 1 8 2 2 2 2 1 1 2 2 2 2 2 2 2 2 5 2 2 8 2 2 8 14 2 32 8 5 17 23 119 13021 
0 0 0 0 0 1 0 0 0 0 0 0 0 0 0 0 0 1 0 1 0 0 0 0 0 0 1 0 0 0 0 1 0 1 0 1 0 0 1 2 1 1 0 1 0 0 0 1 1 1 1 2 0 1 2 1 1 1 1 1 1 1 1 2 2 1 2 2 2 2 2 2 1 1 4 1 5 2 2 2 5 2 1 2 2 1 2 2 1 5 2 2 5 2 2 5 11 2 2 2 5 8 11 20 2 8 8 17 11757 
1 0 0 0 0 0 0 0 0 0 1 0 0 0 0 0 0 1 0 0 0 0 0 0 0 0 1 1 0 0 0 0 1 0 0 0 1 1 0 1 1 0 1 1 2 0 1 1 0 2 0 2 1 1 1 1 2 1 1 1 2 2 2 1 2 1 2 1 2 2 0 2 2 5 2 1 2 1 2 1 2 2 1 2 2 2 8 5 2 1 2 4 2 5 2 14 2 2 2 5 1 8 5 2 8 5 11 85 11622 
0 0 0 0 0 1 0 0 0 0 0 0 0 1 0 0 0 0 0 0 0 0 0 1 0 1 1 1 1 0 0 0 1 0 2 1 1 0 0 1 1 1 1 1 0 0 1 1 1 1 0 0 1 0 0 1 1 2 2 2 1 1 0 1 1 2 2 1 2 0 1 2 1 2 2 1 2 2 2 2 2 2 2 2 8 5 2 2 2 1 2 5 2 1 5 8 2 2 2 2 5 8 2 2 2 5 5 2 8924 
0 0 0 0 0 0 0 0 1 0 0 0 0 0 0 0 0 0 0 0 0 0 1 0 1 0 0 0 0 0 0 0 0 1 1 1 0 1 0 0 1 1 1 1 1 1 0 1 1 1 2 0 0 2 1 1 2 1 2 1 1 1 1 2 1 1 2 1 2 2 2 2 2 1 2 2 2 2 2 2 2 1 2 2 5 2 2 2 2 2 1 2 2 5 1 2 5 1 5 2 5 5 1 2 2 2 23 35 9270 
0 0 0 0 0 0 0 0 0 0 0 0 0 0 0 0 0 0 1 0 0 1 0 0 1 0 0 1 1 1 0 0 1 1 0 1 2 0 1 0 1 1 0 1 1 1 0 1 0 1 1 1 1 1 2 0 2 0 2 1 2 1 2 2 2 1 2 2 1 5 1 2 1 0 1 1 2 2 2 1 2 2 0 2 1 2 2 2 2 5 2 2 5 2 2 2 2 2 2 2 8 11 7 8 2 5 59 116 10067 
0 0 0 0 1 0 0 0 0 0 0 0 0 0 0 0 0 0 0 0 0 0 0 0 0 1 0 0 0 0 2 0 0 0 1 1 1 0 2 0 1 1 1 1 1 1 1 1 1 1 1 0 1 1 2 1 0 2 2 2 1 2 2 2 5 1 1 2 1 1 2 1 2 2 1 4 2 1 2 1 2 2 1 2 2 0 5 2 2 2 10 2 2 2 5 2 2 5 2 8 5 2 2 14 2 10 8 128 10922 
0 0 1 0 0 0 0 0 0 0 1 0 0 0 1 0 0 0 0 0 1 0 0 0 0 0 0 0 0 0 0 0 0 0 1 1 0 1 1 2 0 1 4 2 1 1 1 1 1 1 1 0 1 2 2 0 2 0 1 1 2 2 2 1 2 2 0 2 2 2 1 2 2 2 2 2 2 2 2 1 1 2 2 1 2 2 1 2 1 2 2 2 2 5 2 1 5 4 4 4 2 5 8 5 17 25 50 23 8633 
1 0 0 0 0 0 0 0 0 0 0 0 0 0 0 0 0 0 0 0 1 1 0 0 0 1 0 0 0 2 0 0 0 2 1 0 0 0 0 1 1 1 1 2 0 1 0 1 1 1 1 2 1 2 1 2 1 2 1 1 1 1 2 4 2 2 1 2 1 1 2 1 1 2 2 1 2 1 2 2 2 2 2 2 7 0 2 2 2 2 2 2 5 5 8 3 1 2 2 2 20 35 14 2 38 40 2 101 10780 
0 0 0 0 0 0 0 0 0 0 0 0 0 0 0 1 0 0 0 1 0 1 0 0 0 0 0 0 0 1 0 1 1 0 1 1 0 1 1 0 1 0 0 1 1 0 2 0 2 2 1 0 0 1 2 1 2 1 2 1 2 2 1 1 1 4 1 1 1 1 2 2 2 1 2 1 1 2 4 2 2 2 2 2 2 7 2 2 2 2 2 1 2 8 2 8 8 14 5 5 2 5 23 2 29 8 2 35 6649 
0 0 0 0 1 0 0 1 0 0 0 0 0 0 0 0 0 0 2 0 0 0 0 2 1 0 0 1 0 0 0 1 0 0 0 1 0 1 0 1 1 1 1 1 1 1 0 1 1 1 1 1 1 1 2 0 2 2 1 2 1 2 2 1 1 2 1 5 1 1 2 2 2 1 5 2 2 2 2 2 2 1 2 2 2 2 0 2 2 1 2 2 2 2 3 0 2 1 2 5 2 8 5 5 11 14 8 132 9159 
0 0 0 0 0 1 0 0 0 1 0 0 0 1 1 0 0 0 0 0 0 0 0 1 0 0 1 2 0 0 1 0 0 2 0 1 0 0 1 0 1 1 1 1 0 1 0 0 1 1 2 0 1 4 1 1 0 1 2 2 2 2 0 2 2 0 1 2 1 2 1 2 2 2 2 1 5 1 2 2 2 2 2 1 2 2 1 2 5 4 2 1 2 2 5 2 4 2 5 17 17 2 8 38 5 7 23 5 9231 
0 0 0 0 0 0 0 0 0 2 0 0 0 0 0 0 1 1 0 0 0 2 1 0 0 0 1 0 0 1 1 0 0 1 0 1 1 1 1 0 0 1 1 1 1 2 1 0 2 1 2 2 0 2 2 0 1 2 2 3 1 2 1 1 0 1 1 1 0 1 2 1 2 2 0 1 2 2 1 2 1 2 0 2 2 2 2 2 1 2 2 5 5 5 2 17 2 2 11 10 14 11 2 2 5 8 1 14 8929 
0 0 1 0 0 0 0 0 0 0 0 0 0 0 0 0 0 0 0 0 0 1 1 0 0 1 0 0 0 0 1 1 1 1 1 0 0 1 0 0 1 1 1 1 0 1 1 1 2 1 1 0 0 2 2 1 2 2 2 1 1 2 1 1 2 2 1 0 1 2 2 1 2 2 2 0 1 1 0 2 2 2 2 1 2 2 2 5 2 2 11 2 2 1 2 1 17 2 5 5 2 17 8 2 14 17 14 68 8659 
0 0 0 0 0 0 0 0 1 0 0 0 0 0 0 0 0 1 0 0 1 0 0 0 1 1 0 0 0 0 0 1 1 1 1 1 1 0 1 0 1 0 0 0 2 1 1 2 2 0 2 2 1 2 1 1 1 1 0 1 1 2 2 1 1 2 2 2 1 2 1 1 2 1 2 0 2 2 2 0 2 2 2 2 2 2 1 2 2 1 2 5 20 0 2 2 7 5 2 2 14 11 5 2 2 8 14 10 10195 
0 0 0 0 0 0 0 0 0 0 0 0 1 0 0 0 0 0 1 1 0 0 0 0 0 1 0 1 0 0 1 0 1 0 1 1 0 0 2 1 0 1 1 1 2 1 0 2 0 1 1 2 1 1 1 1 1 2 0 2 1 2 1 1 2 2 1 2 0 1 2 2 2 1 1 2 2 2 2 2 5 2 1 4 0 0 2 2 2 2 2 1 5 2 2 5 2 2 2 1 2 5 11 11 8 41 2 20 9378 
0 0 0 0 0 0 1 0 0 0 0 1 0 0 0 0 0 0 0 0 0 1 0 0 1 0 0 0 1 0 1 1 1 0 1 0 2 0 1 0 2 0 1 1 2 1 2 0 1 1 1 2 1 2 4 0 1 1 0 1 2 1 2 1 2 1 0 2 1 2 1 2 1 1 2 2 1 2 0 2 2 1 2 2 1 2 5 2 5 5 2 2 5 2 5 2 2 2 5 8 2 5 3 5 17 2 20 34 11068 
0 0 0 0 0 1 0 0 0 1 0 0 0 0 0 0 0 1 0 1 0 0 0 0 1 1 0 1 0 0 1 0 2 1 1 0 0 0 1 0 1 0 1 0 2 0 2 2 2 2 0 2 1 2 1 2 0 1 0 2 2 2 1 5 2 1 1 2 0 2 2 2 2 2 1 1 1 2 4 4 1 2 3 1 1 5 2 5 5 8 4 5 8 11 1 4 5 2 5 2 5 2 4 5 1 2 5 17 10695 
0 0 0 0 0 1 0 0 0 0 0 0 0 0 0 0 0 0 0 0 1 0 1 0 1 0 0 0 0 1 0 0 0 1 0 0 2 1 1 1 0 1 1 2 0 1 2 2 0 0 0 1 1 1 1 1 2 2 1 2 1 2 8 1 2 1 1 1 1 2 1 1 2 1 1 2 2 2 2 1 2 1 2 1 2 2 2 2 2 2 3 2 4 2 11 5 5 2 2 8 8 11 5 23 41 53 2 26 10576 
