3162, 5562, 1276
4217, 4389, 1394
5027, 3281, 1692
6066, 2065, 1869
6885, 1520, 1595
7594, 1212, 1194
7812, 1061, 1127
8075, 888, 1037
8311, 684, 1005
8379, 568, 1053
8409, 547, 1044
8575, 385, 1040
8636, 256, 1108
8697, 209, 1094
8796, 151, 1053
8885, 110, 1005
8884, 82, 1034
8875, 62, 1063
9012, 49, 939
8986, 44, 970
8994, 47, 959
9006, 28, 966
8961, 45, 994
8974, 27, 999
9083, 21, 896
8996, 16, 988
9037, 6, 957
8992, 0, 1008
9017, 0, 983
8984, 0, 1016
9053, 0, 947
8970, 0, 1030
8969, 0, 1031
9004, 0, 996
9068, 0, 932
9059, 0, 941
9016, 0, 984
9012, 0, 988
8986, 0, 1014

7075 1793 1132
7398 1485 1117
7788 1017 1195
8308 673 1019
8760 373 867
9060 237 703
9283 113 604
9504 67 429
9556 55 389
9612 36 352
9658 25 317
9681 15 304
9702 16 282
9701 19 280
9722 6 272
9730 4 266
9713 1 286
9747 0 253
9748 0 252
9768 0 232
9796 0 204
9775 0 225
9827 0 173
9812 0 188