0 0 0 0 0 0 0 0 0 0 0 0 0 0 0 0 0 0 0 0 0 0 0 0 0 0 0 0 0 0 0 0 0 0 0 0 0 0 0 0 1 1 0 0 1 0 0 0 0 0 0 0 0 0 0 0 0 0 0 0 0 0 0 0 0 0 0 0 0 0 0 0 0 1 1 0 0 2 1 0 0 0 0 1 0 0 0 0 0 0 0 0 1 1 0 0 0 0 0 0 0 0 1 0 0 1 0 1 0 0 1 1 0 1 1 1 1 0 1 0 1 0 1 0 0 1 1 0 0 0 0 0 0 0 0 1 0 0 0 0 1 1 0 0 1 0 1 1 0 1 2 0 1 1 1 1 0 1 1 1 1 1 1 2 1 1 1 1 2 1 1 1 0 1 1 1 1 1 1 1 2 0 1 1 0 0 1 0 2 1 1 1 2 1 0 1 1 1 1 0 1 2 0 2 1 2 2 1 2 1 1 0 1 1 1 0 1 1 1 2 1 2 2 1 1 2 2 1 2 2 1 1 2 2 1 1 1 1 2 1 1 1 1 2 1 1 0 2 2 2 2 2 1 2 2 2 1 2 2 2 2 2 2 1 1 2 2 1 1 1 2 2 1 2 2 2 2 2 2 2 2 1 2 2 1 2 1 1 1 2 1 1 2 2 2 2 5 2 2 2 1 2 5 2 1 2 2 2 2 2 2 2 2 2 1 2 2 2 2 2 2 2 2 2 2 2 2 2 7 2 2 2 2 2 4 2 5 2 2 2 2 5 2 2 4 4 2 2 1 2 2 5 2 2 2 2 2 2 2 11 2 2 8 8 5 8 1 2 17 2 2 2 2 5 8 11 2 2 11 2 23 10 2 11 53 17 14 2 41 55 8 1 8 47 11 64 7143 

0 0 0 0 0 0 0 0 0 0 0 0 0 1 0 0 0 0 0 0 0 0 0 0 0 0 0 0 0 0 0 0 0 0 0 0 0 0 0 0 0 0 0 0 0 0 0 0 0 0 0 0 0 0 0 0 0 1 0 0 0 0 1 0 0 2 0 0 1 0 1 0 1 0 0 0 0 0 0 0 0 1 0 0 0 0 1 0 0 0 0 0 1 0 0 0 0 0 0 1 0 0 0 1 0 0 0 0 0 1 0 0 0 1 1 1 2 0 0 1 0 0 1 0 0 0 1 1 1 1 1 1 0 1 0 0 0 0 1 1 0 0 0 1 0 0 1 1 0 0 0 1 2 0 1 0 1 1 1 1 1 1 0 1 2 1 0 1 1 1 1 1 0 1 1 1 1 1 2 1 2 1 2 1 2 0 2 1 1 1 1 1 1 1 1 1 0 1 2 2 1 1 1 0 1 1 0 1 1 1 1 1 1 2 1 1 1 1 2 1 1 1 2 0 1 2 1 1 1 1 2 2 2 1 2 2 1 1 1 2 1 1 2 1 1 1 2 1 1 1 2 1 2 1 0 2 1 2 2 1 2 2 1 2 1 2 1 2 2 2 2 1 2 2 2 1 1 1 2 2 0 2 1 2 2 2 2 2 2 2 2 2 2 2 1 1 2 2 1 2 2 2 2 1 1 2 5 2 2 2 2 2 2 2 2 2 1 2 2 2 2 5 2 2 2 2 2 1 2 2 2 2 2 2 1 2 2 2 2 2 5 2 2 2 2 4 2 2 5 2 2 2 2 5 5 2 2 8 5 2 2 2 5 5 8 2 2 1 17 8 5 8 2 2 2 2 11 5 5 5 2 2 2 17 8 16 17 2 14 23 8 5 11 77 218 125 7335 

0 0 0 0 0 0 0 0 0 0 0 0 0 0 0 0 0 0 0 0 1 0 0 0 0 0 0 0 0 0 0 0 0 0 0 0 0 0 1 0 0 1 0 0 0 0 0 0 0 0 0 0 0 0 0 0 0 0 0 0 0 0 0 0 0 0 0 0 0 0 0 0 0 0 1 0 0 0 0 0 0 1 1 0 0 0 0 0 1 0 0 0 0 1 1 0 1 0 0 1 0 0 0 1 0 0 0 0 0 0 0 0 0 1 0 0 0 0 0 0 0 1 1 1 0 1 1 1 0 1 1 1 0 0 1 2 1 1 1 0 1 0 0 1 1 0 1 0 0 0 0 0 0 1 1 1 1 0 1 0 0 1 0 1 1 1 2 1 1 2 1 1 1 1 1 0 1 1 1 2 1 1 1 1 1 0 1 1 1 1 2 1 1 1 1 1 2 0 1 1 1 2 1 2 0 2 2 1 1 1 2 2 1 1 2 2 1 2 1 0 2 1 1 1 2 2 2 1 1 1 1 1 2 1 1 2 1 1 2 2 2 1 2 2 2 1 2 1 2 1 2 2 1 2 1 1 2 2 2 2 2 1 1 1 2 1 4 2 1 1 2 1 2 2 2 2 2 2 1 2 2 2 2 1 2 2 2 1 1 2 2 2 1 2 1 2 2 2 2 0 1 2 1 2 2 1 2 2 2 2 2 1 2 1 1 2 2 2 2 2 2 2 2 2 1 2 2 2 2 2 2 5 2 2 1 5 2 2 2 2 2 5 5 2 5 7 2 2 2 1 2 2 8 2 2 5 14 5 2 2 2 5 5 2 2 11 2 2 5 5 2 5 5 2 2 5 2 5 2 11 2 8 2 14 32 23 29 1 5 37 50 8 8 59 97 314 7330 

0 1 0 0 0 0 0 0 0 0 0 0 1 0 0 0 0 0 0 0 0 0 0 0 0 0 0 0 0 0 0 0 0 0 0 0 0 0 0 0 0 0 0 0 0 0 1 0 0 0 0 0 0 0 1 0 0 0 0 1 0 0 0 0 0 1 1 0 0 0 0 0 0 0 1 0 1 1 0 0 1 1 0 0 0 0 0 0 0 0 1 0 0 0 0 0 0 0 2 0 0 0 0 1 0 0 0 0 1 1 0 0 1 0 0 0 1 0 0 0 0 0 0 1 0 0 0 0 0 0 1 2 1 0 0 1 1 0 1 0 1 1 1 1 1 1 1 1 1 1 1 0 1 1 1 1 1 1 1 1 0 0 0 0 1 1 1 1 1 1 1 1 1 2 1 1 0 1 1 0 1 1 1 2 1 1 1 0 0 1 2 0 1 0 1 1 1 2 1 2 1 1 2 1 1 1 2 0 1 1 1 2 2 0 1 2 1 2 0 1 2 0 0 2 1 1 1 0 2 2 1 1 2 1 2 1 1 1 2 1 1 2 1 1 1 1 0 1 1 1 2 1 1 2 2 2 2 1 1 1 1 1 2 1 2 2 1 1 1 2 2 1 1 2 2 2 4 2 2 2 2 1 2 2 2 2 2 2 1 2 2 1 2 2 2 2 2 2 2 2 2 2 2 2 2 2 2 2 2 8 1 2 2 2 2 5 2 2 2 1 2 2 2 2 1 2 2 2 2 1 2 2 2 2 2 2 2 11 2 2 5 2 2 2 2 1 5 2 5 2 2 2 2 5 2 2 2 2 2 2 2 4 2 2 2 8 2 5 2 2 8 2 5 2 2 11 8 5 17 2 2 2 2 14 2 5 8 8 23 2 8 2 2 11 17 53 7758 

0 0 0 0 0 0 0 0 0 0 1 0 0 0 0 0 0 0 0 0 0 0 0 0 0 0 0 0 1 0 0 0 0 0 0 0 0 0 0 0 0 0 0 0 0 0 0 0 0 0 0 0 0 0 0 0 0 0 0 0 0 1 0 0 0 0 0 0 0 1 0 0 0 0 0 1 0 0 0 0 0 1 1 0 0 1 0 0 0 0 0 0 1 0 0 0 0 0 0 0 0 1 1 1 0 0 1 0 1 0 1 1 0 0 2 0 1 1 0 0 0 1 0 0 2 1 1 0 0 1 0 1 1 1 0 1 0 1 0 1 0 1 0 0 1 1 1 0 0 0 1 1 0 1 1 1 1 0 1 0 0 0 1 0 1 1 1 0 1 1 1 1 0 2 2 1 1 1 1 1 1 0 1 1 1 1 1 1 0 1 1 0 1 1 1 1 1 2 1 0 1 0 1 1 1 1 2 1 1 1 1 2 1 0 1 1 1 1 1 2 2 1 1 2 1 1 1 1 1 2 1 1 2 2 1 2 2 1 2 1 2 2 2 1 2 2 2 2 1 2 0 2 1 1 2 1 2 2 2 2 1 1 2 1 2 2 1 2 1 2 1 2 2 2 2 2 2 2 2 4 2 2 2 2 2 2 2 2 1 1 2 1 2 2 1 2 2 5 4 2 1 2 5 2 2 1 1 2 2 2 2 2 2 2 2 2 2 2 2 2 2 2 2 2 2 2 5 1 0 2 1 2 2 2 2 5 2 5 5 2 2 2 2 2 2 2 4 2 2 2 5 2 2 2 17 2 2 2 1 5 5 5 2 2 2 17 2 2 5 2 8 2 11 2 5 2 17 11 8 2 4 2 2 2 5 5 5 8 32 20 11 5 98 22 26 209 7757 

0 0 0 0 0 0 0 0 0 0 0 0 0 0 0 0 0 0 0 0 0 0 0 0 0 0 0 0 0 0 0 0 0 0 0 0 0 0 0 0 0 0 0 0 0 0 0 1 0 0 1 0 0 0 0 0 0 0 0 0 0 0 0 0 1 0 0 1 0 0 0 0 1 0 0 1 1 0 0 0 0 0 0 0 0 0 0 0 0 0 0 0 0 0 0 1 1 2 0 0 0 0 0 1 0 0 0 1 1 0 0 0 0 0 1 1 0 0 1 0 1 1 1 0 1 0 0 1 0 1 1 1 1 1 0 1 1 1 0 1 1 1 0 0 0 1 0 1 1 0 2 1 0 1 1 1 0 1 1 1 0 1 1 1 1 1 1 1 0 2 1 0 1 1 1 1 0 1 0 0 1 1 2 1 1 2 1 2 1 1 2 2 1 0 0 1 1 1 1 1 2 2 2 2 0 1 1 1 1 1 1 1 1 1 2 1 1 1 1 1 0 1 0 0 2 1 1 1 2 1 1 1 1 1 1 2 2 1 0 2 2 1 2 1 1 1 2 1 1 2 1 2 2 1 1 2 2 2 1 1 0 2 2 1 2 2 2 1 2 2 2 1 1 2 1 2 2 2 2 2 1 1 2 2 1 2 2 2 1 2 2 2 2 2 2 2 2 2 2 4 2 2 2 2 2 2 1 1 2 2 2 2 2 2 2 2 2 5 2 2 8 2 2 2 2 2 1 2 2 2 1 8 2 2 2 2 2 2 2 2 2 2 11 2 8 5 2 2 5 2 2 2 2 4 2 2 2 5 1 2 5 4 5 2 8 9 5 5 2 5 5 5 2 2 8 2 2 2 2 11 5 8 2 26 5 5 14 11 2 14 11 5 14 2 11 320 8398 

0 0 0 0 0 0 0 0 0 0 0 0 0 0 0 0 0 0 0 0 0 0 0 0 0 0 0 0 0 0 0 0 0 0 0 0 0 0 0 0 0 0 0 0 0 0 0 0 0 0 0 1 0 0 1 0 0 0 0 0 0 0 0 0 0 0 0 0 0 0 0 0 0 0 0 0 0 0 0 0 0 0 0 0 0 1 0 0 0 0 0 0 0 0 1 0 1 0 1 1 1 1 1 1 0 1 0 0 0 0 0 0 0 0 1 1 0 1 0 0 1 2 0 0 1 1 0 0 2 1 1 1 1 1 0 1 0 0 0 1 1 0 1 0 0 1 1 1 0 1 1 1 0 1 1 1 0 1 1 0 1 1 1 1 1 2 0 1 1 1 1 1 1 1 1 1 1 1 1 1 1 1 1 1 1 1 1 1 0 2 1 1 1 0 0 1 1 2 0 1 2 0 1 1 1 1 2 1 2 2 1 2 1 1 2 1 0 1 2 2 1 1 1 1 2 1 1 1 1 2 1 1 2 1 1 1 2 1 2 2 2 2 2 2 2 2 2 1 0 2 1 2 1 2 0 2 1 2 2 2 2 2 1 2 2 2 1 1 2 2 2 2 2 1 2 0 1 2 1 0 1 2 1 1 2 1 2 2 2 2 2 5 2 1 2 2 2 2 2 2 2 1 2 1 2 2 2 1 2 2 2 2 1 5 2 2 2 2 2 2 2 2 2 2 2 2 5 2 2 2 2 2 2 2 2 2 2 2 2 10 2 2 2 5 2 5 2 2 2 2 2 5 2 5 2 2 5 5 0 2 11 1 8 5 2 2 2 5 8 2 2 2 2 2 1 7 11 5 11 50 8 5 5 14 2 26 5 17 2 23 47 4 76 91 155 359 9001 

0 0 0 0 0 0 0 0 0 0 0 0 0 0 0 0 0 0 0 0 0 0 0 0 0 0 0 0 0 0 0 0 0 0 0 0 0 0 0 1 0 1 0 0 0 0 0 0 0 0 0 0 0 0 0 0 0 1 0 0 0 0 0 0 1 0 0 0 0 1 0 0 0 0 1 1 0 0 0 0 0 0 0 0 0 0 1 1 1 0 0 0 1 1 0 0 0 0 1 0 0 0 0 0 0 1 1 0 1 0 0 1 1 0 0 0 1 0 2 0 1 1 0 1 1 1 1 0 0 1 1 0 1 0 2 1 0 1 0 0 0 1 0 0 1 1 1 1 1 0 1 0 1 1 1 1 2 3 1 0 2 1 0 0 1 0 1 1 0 1 2 0 1 1 1 0 1 0 2 1 0 1 1 1 1 1 0 1 1 1 2 0 1 1 2 1 1 0 0 1 1 1 1 1 2 1 1 2 1 2 1 0 1 1 1 0 1 1 1 1 2 1 1 1 1 4 1 1 2 1 1 2 2 0 1 1 1 1 1 0 1 1 1 1 2 1 2 1 2 2 2 2 1 1 2 2 2 2 1 2 2 2 1 1 2 1 2 1 2 2 2 2 2 2 2 2 1 2 1 2 2 2 2 2 2 2 2 2 0 2 2 2 2 2 2 2 2 2 2 2 2 2 2 1 2 2 2 1 2 2 2 1 2 2 2 2 2 2 2 5 5 1 1 2 1 2 2 2 2 2 2 2 2 2 2 2 2 1 2 2 1 2 5 2 2 2 8 8 1 2 5 2 2 2 2 2 2 5 2 5 1 2 5 5 2 2 2 2 1 2 2 2 5 14 5 2 2 11 2 5 8 8 8 8 2 11 8 65 53 38 71 14 2 62 44 14 7566 

0 0 0 0 0 0 0 0 0 0 0 1 0 0 0 0 0 0 0 0 0 0 0 0 0 0 0 0 0 0 0 0 1 0 0 0 0 1 0 0 0 0 0 0 0 0 0 0 0 0 1 0 0 0 0 1 0 0 0 0 0 0 0 0 1 0 0 0 0 0 0 1 0 1 0 0 0 0 0 0 0 0 0 0 0 0 0 1 0 0 0 0 0 0 0 1 0 0 0 1 1 0 0 1 1 0 0 0 1 1 0 1 0 1 1 0 0 0 0 2 1 0 1 0 0 0 2 0 0 0 1 1 1 1 1 1 0 0 0 0 1 1 1 1 1 1 1 1 1 1 1 0 2 0 0 0 0 2 2 1 0 0 1 0 1 0 1 0 1 2 0 1 1 1 1 1 1 1 0 0 1 1 1 1 1 1 2 1 1 2 1 1 0 1 1 1 1 1 0 1 1 2 0 2 0 1 1 1 1 1 2 1 1 2 2 0 2 1 2 1 1 1 1 1 2 2 1 2 2 1 1 2 1 2 1 1 1 1 1 0 1 4 2 1 1 2 1 2 1 1 2 1 1 2 1 2 2 1 2 1 1 2 1 1 2 1 1 5 1 2 2 2 0 2 2 2 1 1 2 1 2 2 2 2 2 2 1 2 2 2 2 2 1 2 2 2 2 2 2 2 2 2 2 2 2 2 2 2 2 2 2 1 2 2 2 5 2 5 5 5 1 2 2 2 2 2 8 5 1 5 2 2 2 1 2 8 5 2 2 2 2 5 2 2 1 2 2 2 5 2 2 5 2 2 1 2 2 2 5 8 2 5 5 5 2 2 11 8 5 2 8 5 2 2 2 5 2 5 2 11 5 2 11 2 5 11 14 26 14 14 10 5 50 134 25 6 6266 

0 0 0 0 0 0 0 0 0 0 0 0 0 0 0 0 0 0 0 0 0 0 0 0 0 0 0 0 0 0 0 0 0 0 0 0 0 0 0 0 0 0 0 0 0 0 0 0 0 0 0 0 0 0 1 0 0 0 0 0 0 0 0 0 0 0 2 0 0 1 0 0 0 1 0 1 0 0 0 0 0 0 1 0 0 0 0 0 0 0 1 1 0 0 1 0 0 0 0 1 0 1 0 1 1 0 0 1 1 0 1 0 1 1 3 0 1 0 1 1 0 1 0 1 1 1 0 0 1 0 1 1 1 0 1 0 1 0 0 1 1 1 0 0 1 1 0 1 1 0 1 0 1 1 0 1 1 1 1 0 2 0 1 0 1 0 1 0 0 1 1 1 0 1 1 1 1 0 0 1 1 1 1 0 0 0 1 1 0 1 2 1 1 1 0 1 1 1 1 1 1 1 1 2 2 1 1 1 1 1 1 1 1 2 1 1 1 1 1 1 2 2 2 1 0 1 0 2 2 1 1 2 1 1 1 1 2 2 5 1 1 2 2 1 1 2 1 2 1 0 2 1 1 1 1 1 1 2 2 1 2 2 1 2 2 2 0 1 2 2 2 2 2 2 2 2 2 1 2 2 2 2 2 2 2 2 2 2 2 2 2 2 1 5 2 2 2 2 1 2 1 2 2 1 2 1 1 1 2 2 2 2 2 2 2 2 2 2 2 5 2 2 2 2 2 2 2 2 2 2 2 2 5 2 2 2 2 2 2 2 2 8 7 2 2 2 11 2 2 8 2 2 2 8 2 5 2 5 8 5 11 2 5 2 5 1 2 2 11 5 1 5 2 5 8 11 2 11 5 5 2 8 8 14 20 5 11 2 14 32 35 17 14 26 8 71 4720 

0 0 0 0 0 0 0 0 0 0 0 0 0 0 0 0 0 0 0 0 0 0 0 0 0 0 0 0 0 0 0 0 0 0 0 0 0 0 0 0 0 0 0 0 0 0 0 0 0 0 0 0 0 0 0 0 0 0 0 0 0 0 1 0 0 1 0 1 0 0 0 0 0 0 1 0 0 0 0 0 0 0 0 1 0 0 0 1 0 0 1 0 0 1 1 0 1 0 0 1 0 0 0 0 0 0 0 0 0 0 1 0 0 0 1 0 1 1 1 0 0 0 0 1 0 0 1 1 1 1 0 0 1 0 1 0 1 0 1 1 0 1 0 2 1 1 0 1 1 1 2 1 1 0 1 1 1 1 1 0 1 1 1 1 1 1 1 0 0 1 0 0 2 1 1 1 1 1 1 0 1 2 1 1 1 1 1 1 1 1 1 2 1 1 1 1 1 1 1 1 0 1 0 2 2 2 1 2 2 1 0 1 1 2 1 1 1 2 1 1 2 1 1 2 0 1 1 2 2 2 2 1 2 2 1 1 1 2 1 1 2 2 1 2 1 2 2 2 2 2 2 2 1 2 1 2 2 1 1 2 2 2 2 2 2 2 0 1 2 2 2 2 2 2 2 2 1 2 2 2 2 2 1 2 2 2 2 1 2 2 2 1 2 2 2 2 2 2 2 2 2 1 1 2 2 2 2 2 2 2 2 2 2 2 0 2 1 1 2 2 2 2 2 2 2 5 1 2 2 2 5 2 2 2 2 0 1 2 1 2 2 2 1 5 4 2 1 5 2 2 2 2 8 2 4 2 1 5 5 20 2 5 1 2 8 2 2 1 11 8 2 28 1 8 11 7 17 5 8 2 2 5 2 8 2 2 20 14 3 29 26 74 149 29 59 109 6520 

0 0 0 0 1 0 0 0 0 0 0 0 0 0 0 0 0 0 0 0 0 0 0 0 0 0 0 0 0 0 0 0 0 0 0 0 0 1 0 0 0 0 0 0 0 0 0 0 0 0 0 0 0 1 0 0 0 0 0 0 0 0 0 0 0 0 0 0 0 0 0 0 1 0 0 0 1 1 0 0 0 0 0 0 2 0 1 0 0 0 0 0 0 0 0 0 0 0 0 0 0 0 0 1 0 0 1 1 0 1 0 0 1 1 1 0 0 0 0 1 0 0 0 1 1 0 1 1 0 1 0 1 0 0 1 1 0 1 1 1 0 0 1 1 1 1 1 0 1 0 1 1 1 1 0 0 0 1 1 1 1 1 1 1 0 1 1 1 0 1 1 1 1 0 1 1 0 1 0 1 0 1 2 1 1 1 0 0 1 1 1 1 1 1 1 2 1 2 0 1 2 1 2 1 1 2 2 1 1 1 2 2 1 2 1 2 1 1 2 2 1 1 1 1 1 1 1 1 1 5 1 4 2 2 2 2 1 2 2 1 1 2 2 2 1 2 2 1 2 1 1 2 2 2 1 2 2 2 1 1 2 1 1 2 2 2 2 1 2 2 2 2 2 2 2 2 2 2 2 2 2 2 2 2 1 1 2 0 2 2 1 2 2 1 2 2 2 1 2 1 1 5 2 2 2 2 2 2 2 2 2 2 2 2 0 1 2 2 5 2 2 5 5 2 2 2 2 2 2 1 4 1 2 0 1 1 2 2 2 5 1 5 5 2 2 2 2 5 2 2 5 2 2 2 2 2 2 2 5 1 2 5 5 2 1 2 8 14 5 2 5 5 2 8 2 2 2 2 1 2 8 2 8 8 32 23 8 20 2 2 14 32 10 8 10 14 8407 

0 0 0 0 0 0 0 0 0 0 0 0 0 0 0 0 0 0 0 0 0 0 0 0 0 0 0 0 0 0 0 0 0 1 0 0 0 0 0 0 0 0 0 0 0 0 0 0 0 0 0 0 0 0 0 1 1 0 0 1 0 0 0 1 0 0 0 0 0 2 1 1 1 0 0 1 0 0 0 0 0 0 1 0 0 0 0 0 0 1 0 0 0 0 0 0 0 0 0 1 0 1 0 1 1 0 0 0 0 0 0 0 0 0 0 1 0 1 1 1 0 0 1 1 1 0 0 1 0 0 0 0 1 1 1 1 0 0 1 0 1 1 2 0 1 0 0 1 0 1 1 0 1 1 1 2 0 1 0 1 1 1 1 2 0 1 1 1 0 1 1 1 1 2 1 1 2 1 1 0 2 1 1 1 1 2 1 2 1 1 2 1 0 1 1 1 2 1 1 1 1 1 1 2 2 0 1 0 1 1 2 1 2 1 2 2 1 2 1 1 0 2 0 2 2 1 1 1 2 1 1 1 2 1 2 0 2 1 1 2 2 2 2 2 2 0 1 1 1 2 2 0 2 2 1 2 1 1 2 0 1 1 2 1 2 2 1 0 2 2 1 2 1 2 0 2 1 1 1 2 1 2 1 2 1 1 1 1 1 1 1 1 1 2 4 2 2 5 2 4 4 2 2 2 2 2 2 2 2 2 2 4 2 2 2 2 1 2 2 2 2 2 11 2 2 2 5 2 2 5 2 5 2 8 2 2 4 8 5 2 2 8 2 5 2 2 5 2 2 2 2 2 5 2 8 2 2 2 2 5 5 2 2 2 2 8 7 8 14 8 5 2 2 11 5 5 8 2 2 5 5 8 5 14 8 26 41 47 8 53 23 38 11 20 29 275 7829 

0 0 1 0 0 0 0 0 0 0 0 0 0 0 1 0 0 0 0 0 0 0 0 0 0 0 0 0 0 0 0 0 0 0 0 0 0 0 0 1 0 0 0 0 0 0 0 0 0 1 0 0 0 1 0 0 0 0 0 0 0 0 0 1 0 0 0 0 0 0 1 0 0 0 0 1 0 0 0 0 0 0 0 0 0 1 0 0 0 0 1 0 0 0 0 0 0 0 0 1 1 1 1 0 0 1 0 0 0 1 0 1 0 0 0 1 1 1 0 1 1 0 0 0 2 1 0 1 1 1 1 0 0 0 2 1 1 0 0 0 0 1 0 0 1 1 0 0 0 1 1 1 1 1 1 1 0 0 1 0 1 1 1 1 0 0 1 1 1 1 1 1 0 1 1 1 2 1 1 1 0 0 1 1 1 2 1 1 1 1 0 0 2 1 1 1 1 1 1 0 1 1 1 2 1 2 2 1 1 2 1 1 1 1 1 1 1 0 1 2 2 0 2 1 2 1 1 2 2 2 1 2 2 2 1 1 1 1 2 1 2 2 1 0 1 1 1 2 2 2 1 1 2 1 1 2 2 1 1 2 2 2 1 1 2 2 1 2 2 2 2 2 1 2 2 2 1 1 2 2 2 1 5 1 1 2 1 2 2 8 2 2 2 5 2 1 2 1 1 1 2 2 5 2 2 2 5 2 2 2 2 2 2 2 2 2 2 5 2 2 1 2 2 2 1 2 0 2 2 2 5 2 2 5 2 2 2 2 2 2 2 2 2 2 2 3 5 2 2 5 5 2 5 2 2 2 2 2 5 8 2 2 2 2 2 2 2 2 2 5 2 2 5 5 2 2 20 2 0 32 19 8 5 14 26 2 14 41 5 1 8 32 29 17 77 47 7623 

0 0 0 0 0 0 0 0 0 0 0 0 0 0 0 0 0 0 0 0 0 0 0 0 0 0 0 0 0 0 0 0 1 0 0 1 0 0 0 0 0 0 0 1 0 0 0 0 0 0 0 0 0 0 0 0 0 0 0 0 0 0 0 0 0 0 0 0 0 0 0 0 1 0 0 0 0 1 0 0 0 0 1 0 0 0 0 0 0 0 0 0 0 1 0 0 2 0 0 1 0 0 0 0 0 0 0 1 1 0 0 0 0 0 0 0 1 1 1 0 0 0 1 0 0 0 1 1 0 1 0 1 1 0 1 1 1 0 1 1 1 0 2 0 1 0 1 0 0 2 1 1 1 1 1 0 1 1 1 1 1 1 1 1 1 1 1 0 1 1 1 1 0 1 1 1 2 1 1 1 0 0 1 2 1 1 1 1 2 1 1 1 1 1 1 1 1 1 1 1 1 1 0 1 1 1 1 2 1 1 1 1 1 2 1 1 0 1 2 0 1 1 2 1 1 2 2 2 2 2 2 2 2 2 1 2 1 1 2 1 2 0 1 2 2 1 2 1 2 1 2 1 5 2 1 1 2 2 1 1 1 2 1 2 2 2 2 2 1 2 2 2 2 1 2 2 2 1 1 2 2 2 2 2 2 2 2 2 0 2 2 2 2 2 2 2 2 2 2 1 5 0 2 1 2 2 2 1 2 2 2 2 2 2 2 2 2 2 1 2 2 2 2 5 5 5 2 2 2 1 0 2 2 2 2 2 2 5 2 2 2 8 2 1 8 5 2 1 2 1 5 5 2 2 1 11 5 2 2 5 2 5 5 2 5 1 2 2 8 5 5 4 5 2 8 2 2 5 2 2 22 8 1 2 23 4 17 5 2 20 5 92 41 32 8 356 7852 

0 0 0 0 0 0 0 0 0 0 0 0 0 0 0 0 0 0 0 0 0 0 0 0 0 0 0 0 0 0 0 0 0 0 0 0 0 0 0 0 0 0 1 0 0 0 0 0 0 0 0 0 0 0 0 0 0 0 0 0 0 0 0 0 0 0 1 0 1 0 0 0 0 0 1 0 0 0 1 0 0 0 1 1 0 0 0 0 1 0 0 0 0 0 0 0 0 0 0 2 0 0 0 0 0 0 1 0 0 1 0 1 0 0 0 0 1 2 0 1 0 0 1 0 2 1 0 1 1 1 1 1 1 1 1 1 0 1 0 1 1 0 1 0 2 0 1 0 1 0 1 1 0 1 1 1 0 0 0 1 1 1 1 0 1 0 0 1 1 1 1 2 1 1 1 0 1 2 1 1 1 1 1 0 1 1 0 1 2 1 1 2 1 1 1 2 1 1 1 0 1 1 1 2 0 1 1 1 1 1 1 1 1 1 2 2 2 1 1 1 1 2 2 1 0 1 1 1 1 1 1 1 1 4 1 1 1 1 2 1 1 1 1 1 1 1 0 2 2 2 1 2 2 2 2 1 1 2 2 2 2 2 2 2 1 1 1 2 2 2 5 2 2 5 2 2 2 2 2 5 2 1 2 1 1 1 2 2 1 1 2 2 2 2 1 2 2 2 2 2 2 2 2 2 2 2 2 2 2 2 3 2 5 2 2 2 2 2 2 2 0 2 2 2 1 2 2 2 2 2 2 2 2 2 2 2 2 2 2 2 2 2 2 5 2 2 1 2 2 2 2 2 2 5 5 2 1 2 2 5 2 5 2 1 2 8 5 2 2 1 7 2 2 2 5 2 8 2 2 17 2 17 8 8 5 5 2 8 5 8 11 11 11 5 26 155 8326 

0 0 0 0 0 0 0 0 0 0 0 0 0 0 0 0 0 0 0 0 0 0 0 0 0 0 0 0 0 0 0 0 0 0 0 0 0 0 0 0 1 0 1 0 0 0 0 0 0 0 0 0 0 0 0 0 0 0 0 0 0 0 0 0 0 0 0 0 0 2 1 2 0 0 0 0 0 0 0 1 1 0 1 1 0 1 0 0 0 0 1 1 1 0 0 0 0 1 1 0 0 0 0 0 1 0 0 0 0 1 0 0 1 0 0 0 1 0 1 0 0 0 1 1 1 1 0 0 0 0 0 0 0 1 1 0 0 0 0 0 1 0 1 0 1 1 1 2 1 0 1 1 1 0 1 1 0 1 1 1 2 0 0 1 1 0 0 1 0 1 1 0 1 1 0 1 1 1 1 1 1 2 1 1 1 1 1 1 1 0 1 1 1 0 1 1 1 1 1 2 1 2 5 1 0 2 1 1 1 1 2 2 1 1 1 2 1 2 1 1 2 2 2 1 1 1 1 0 1 1 1 1 1 1 1 0 1 1 1 1 2 1 1 2 4 2 1 1 2 1 2 2 2 0 2 1 2 2 2 1 2 1 2 1 1 2 1 2 1 1 2 1 2 2 1 1 2 2 2 2 2 2 1 2 2 2 2 2 2 2 2 2 1 2 2 1 2 2 2 2 5 2 5 2 1 2 2 2 2 2 2 1 1 2 2 2 2 2 2 2 1 1 2 2 2 2 2 5 2 2 2 2 2 2 5 2 2 2 2 2 2 11 2 1 2 2 5 5 2 2 2 2 5 2 5 2 5 2 2 2 11 4 8 2 11 2 5 2 5 2 5 5 8 14 8 5 2 2 2 8 2 2 5 2 20 29 20 2 2 38 14 17 41 2 74 20 7305 

0 0 0 0 0 0 0 0 0 0 0 0 0 0 0 0 0 0 0 0 0 0 0 0 0 0 0 0 0 0 0 0 0 0 0 0 0 0 0 0 0 0 0 0 0 0 0 0 0 0 1 0 0 0 0 0 0 1 0 0 0 0 1 0 0 0 0 0 0 0 0 0 1 2 0 0 0 0 1 0 1 0 0 0 0 0 0 0 0 0 0 0 0 1 1 0 0 0 0 1 1 0 1 0 1 0 0 0 1 0 0 0 0 1 0 0 0 0 0 0 0 0 0 0 1 1 0 1 1 1 0 1 0 1 2 1 1 0 2 1 1 1 1 1 0 0 0 1 1 1 0 1 0 2 1 1 1 1 1 1 1 2 1 1 1 1 1 1 1 0 0 1 1 1 0 1 2 1 1 0 0 1 1 1 1 1 1 1 1 0 1 1 1 1 0 1 1 1 2 1 1 1 0 1 1 1 1 1 1 1 1 1 1 1 2 1 1 2 2 1 2 2 1 1 1 1 1 1 0 1 1 1 2 1 2 2 0 1 2 1 2 1 1 1 1 2 1 2 1 0 1 2 2 2 2 1 1 2 2 0 1 2 2 1 0 1 1 2 1 2 2 2 4 2 1 2 1 2 2 2 2 5 2 0 2 2 2 2 2 1 2 2 1 2 1 2 2 2 2 2 2 2 2 2 1 2 2 2 2 2 2 2 2 2 2 2 2 2 2 2 2 1 2 5 2 2 2 2 2 1 2 2 2 2 5 2 2 1 2 2 2 2 8 2 2 2 8 5 2 2 5 5 5 2 2 2 2 2 2 2 8 2 5 8 2 2 11 2 2 2 14 5 8 2 5 8 5 8 5 2 5 2 5 11 2 20 2 5 8 23 8 20 11 2 23 149 7250 

0 0 0 0 0 0 0 0 0 0 0 0 0 0 0 0 0 0 0 0 0 0 0 1 0 0 0 0 1 0 0 0 0 0 0 1 0 0 0 0 0 0 0 0 0 0 0 0 0 0 0 0 0 0 0 0 0 0 0 0 0 0 0 0 0 0 0 0 0 0 0 0 0 0 0 0 0 1 0 0 0 0 0 0 0 0 1 0 0 0 0 2 0 0 0 0 0 0 1 0 0 0 0 0 0 0 1 0 0 0 0 0 0 0 2 1 1 0 0 0 0 1 0 0 0 0 0 1 1 0 1 1 1 1 1 1 1 1 1 0 1 0 0 1 1 0 1 1 2 1 1 1 1 0 0 1 1 1 0 0 1 1 1 0 2 1 1 0 2 1 1 1 1 1 1 1 2 1 1 1 1 1 2 2 1 1 1 1 1 1 2 1 2 1 1 1 2 1 1 1 2 2 0 1 2 1 2 2 1 1 1 1 1 1 0 2 2 1 1 1 1 2 1 0 2 1 0 1 1 1 1 2 1 1 1 1 2 1 1 2 2 2 2 1 2 2 1 2 1 1 2 2 2 2 1 1 2 2 5 1 1 2 1 2 2 1 2 2 1 2 1 2 2 1 2 1 2 2 1 1 1 2 2 1 1 1 2 1 2 2 2 2 0 2 5 2 2 1 2 2 2 2 2 2 2 2 2 2 1 2 2 4 2 2 2 2 2 2 2 2 2 7 1 2 0 2 2 1 2 2 2 2 2 2 2 2 2 1 2 2 2 8 11 2 4 2 2 2 5 8 2 5 2 2 11 2 2 2 5 2 8 23 5 2 1 2 11 2 8 2 2 2 2 8 5 2 5 2 4 4 7 8 5 2 14 20 38 20 14 47 17 53 56 98 113 230 4815 

0 0 0 0 0 0 0 0 0 1 0 0 0 0 0 0 0 0 0 0 0 0 0 0 0 0 0 0 0 0 0 0 0 0 0 0 0 0 0 0 0 0 0 1 0 0 0 0 0 0 0 0 0 0 0 0 1 0 0 0 1 0 0 0 0 0 0 0 0 0 0 0 0 0 0 0 0 0 0 0 0 0 0 0 0 0 0 0 0 0 0 0 0 0 0 0 0 0 1 0 0 0 0 0 0 1 1 1 1 0 1 1 0 0 0 0 1 1 1 0 1 1 0 0 1 1 0 1 1 0 1 0 1 0 0 0 1 0 1 1 1 1 1 1 1 1 1 1 1 0 0 1 0 1 0 1 1 1 1 1 1 0 1 1 1 1 0 1 1 1 1 0 0 1 1 1 1 0 1 1 1 1 1 0 1 1 1 1 1 1 0 1 1 0 1 1 0 1 1 2 0 1 2 2 1 1 1 2 1 1 2 1 2 2 2 2 1 1 1 2 1 1 1 1 1 1 2 1 2 1 2 1 1 1 2 2 2 2 1 2 2 2 1 2 1 1 1 1 2 1 2 2 1 1 1 2 1 1 2 2 2 2 0 2 2 2 2 2 1 2 2 2 1 2 2 2 1 2 2 1 2 2 2 2 2 2 2 2 8 2 2 2 5 2 2 5 2 4 2 2 2 1 1 2 2 2 2 2 2 1 2 4 5 2 2 2 2 5 2 2 5 1 2 2 5 2 2 2 5 2 3 2 2 0 2 2 2 1 1 2 2 5 5 8 1 5 5 8 2 7 1 11 2 2 2 2 2 2 2 5 2 5 5 2 2 11 2 2 2 2 14 2 2 8 14 5 2 26 2 17 2 8 5 11 17 29 23 2 29 13 2 92 83 98 77 98 5197 

0 0 0 0 0 0 0 0 0 0 0 0 0 0 0 0 0 0 0 0 0 0 0 0 0 0 0 0 0 0 0 0 1 0 0 0 0 0 0 0 0 0 1 0 0 0 0 0 0 0 0 0 0 0 0 0 0 0 0 1 0 0 0 0 0 0 0 0 0 1 0 0 0 0 0 0 0 0 0 0 0 0 0 1 0 1 2 0 0 0 1 0 0 0 0 0 0 0 1 0 0 1 1 0 0 1 0 1 0 0 1 1 0 0 2 0 0 0 0 0 0 2 0 1 1 1 0 0 0 1 1 1 0 0 4 0 0 1 0 1 1 1 0 2 1 0 0 1 1 1 0 1 1 1 1 1 0 0 0 1 1 1 1 1 1 1 1 1 1 1 1 1 1 1 1 1 1 1 1 2 1 1 1 0 0 1 1 1 1 1 0 1 2 1 0 2 1 1 1 1 2 2 1 1 1 2 1 1 1 1 1 0 0 4 2 1 1 1 1 1 1 1 1 1 1 1 1 1 1 1 1 1 1 1 1 1 1 2 2 2 2 1 2 2 2 2 2 1 2 2 2 2 0 1 2 0 1 1 2 2 2 2 2 2 1 1 2 1 2 2 1 2 2 2 2 2 2 1 1 2 2 5 2 2 1 0 2 2 2 2 2 2 2 2 2 2 2 2 4 2 2 5 0 2 2 2 2 2 2 2 1 2 2 2 2 2 2 2 2 0 2 2 1 2 1 5 2 2 2 2 2 2 2 2 2 2 2 2 2 5 2 1 2 2 2 2 8 2 2 5 5 2 2 5 2 2 2 8 1 2 2 5 2 2 2 8 5 5 5 5 2 5 5 2 8 17 2 5 2 2 26 2 5 11 10 2 23 5 23 29 29 151 17 100 2 191 5934 

0 0 0 0 0 0 0 0 0 0 0 0 0 0 0 0 0 1 0 0 0 0 0 0 0 0 0 0 0 0 0 0 0 0 0 0 0 0 0 0 0 0 0 1 0 0 0 0 1 0 0 0 1 0 0 0 0 0 0 0 1 1 0 0 0 0 0 0 0 0 0 1 0 0 1 0 0 0 0 0 0 0 0 0 0 0 0 1 0 0 0 0 1 0 0 0 0 0 0 0 0 1 0 0 0 0 0 0 0 1 0 0 0 1 1 0 0 1 0 0 1 0 1 1 0 1 1 0 2 1 1 0 0 0 1 1 0 0 1 0 1 0 1 0 2 0 1 1 1 2 0 1 0 1 1 1 1 1 1 1 1 1 2 1 2 1 0 1 1 1 1 1 1 2 0 1 0 1 0 1 0 1 1 2 1 0 1 1 1 2 1 1 1 2 1 1 1 1 1 1 1 2 2 1 1 2 0 1 1 1 2 2 1 0 1 1 2 2 2 1 1 2 2 1 1 1 1 1 1 1 0 1 1 2 1 1 2 1 1 2 2 1 2 2 2 2 1 1 2 2 1 2 1 2 1 1 2 1 2 2 2 1 1 1 2 1 1 2 1 2 1 2 2 2 2 2 2 4 1 1 2 1 2 2 2 2 2 2 2 2 1 1 2 2 2 1 2 5 2 1 2 2 2 1 2 5 2 2 2 2 2 0 2 1 2 2 2 2 2 2 1 2 1 2 2 5 2 2 1 2 2 2 2 2 2 2 2 0 2 2 5 5 2 2 2 5 7 5 2 2 5 2 1 5 2 5 2 8 5 5 2 5 5 8 8 8 8 2 0 8 5 2 2 17 5 6 8 23 5 5 20 17 2 5 32 14 23 11 2 140 2 8 44 32 11 65 6553 

0 0 0 0 0 0 0 0 0 0 0 0 0 0 0 0 0 0 0 0 0 0 0 0 0 0 0 0 0 0 0 0 0 0 0 0 0 0 0 0 0 0 0 0 0 0 0 0 0 0 0 0 0 0 0 0 0 0 1 0 0 0 0 0 0 0 0 0 0 1 0 1 0 0 0 0 0 0 1 0 0 0 0 1 1 0 0 0 0 0 0 0 0 1 0 0 0 1 1 0 0 0 0 0 0 0 1 1 0 1 0 1 0 0 0 1 0 0 1 1 0 1 0 0 1 0 2 1 1 1 1 0 0 1 0 1 0 1 1 0 1 1 1 1 1 1 1 1 1 1 0 0 1 0 1 1 0 1 1 0 1 1 1 2 1 1 1 1 1 0 2 1 0 3 1 1 1 1 1 1 1 1 1 0 1 1 1 1 1 1 0 1 1 1 1 1 1 0 1 1 1 1 1 1 1 1 1 2 2 1 1 1 2 1 2 1 1 1 1 0 2 1 1 1 2 1 1 2 1 1 0 0 1 1 2 1 1 2 1 2 2 2 2 1 1 1 2 1 2 2 1 2 2 2 2 1 2 1 2 2 2 1 0 2 2 2 1 2 2 2 0 2 2 2 2 2 2 0 2 2 2 1 2 2 2 2 2 2 2 2 2 1 2 2 2 1 1 2 1 2 2 1 2 2 2 2 2 2 2 2 2 2 2 2 2 2 2 2 2 2 2 2 2 1 5 2 2 2 1 2 2 2 2 2 2 2 4 0 2 2 2 5 2 2 2 5 5 5 2 2 2 5 2 2 2 2 2 8 2 2 2 2 2 5 5 0 2 2 2 2 8 2 2 2 2 2 8 2 2 11 8 38 11 4 11 50 11 10 47 20 11 26 56 11 83 2 5040 

0 0 0 0 0 0 0 0 0 0 0 0 0 0 0 0 0 0 0 0 0 0 0 0 0 0 0 0 0 0 0 0 0 0 0 0 0 0 0 0 0 0 0 0 0 0 0 0 0 0 0 0 0 0 0 0 0 0 0 0 1 0 0 0 0 0 0 1 0 0 0 0 0 0 0 0 0 0 0 0 1 0 1 0 0 0 1 1 0 0 0 0 0 0 0 0 0 0 0 0 0 0 1 0 0 1 0 0 0 1 1 0 0 0 0 0 0 1 1 0 0 0 0 0 0 1 1 1 1 0 0 1 1 0 0 1 0 1 1 0 0 1 0 1 1 0 1 1 0 1 1 1 1 1 1 1 1 1 1 1 1 1 2 1 1 1 0 1 0 1 0 1 1 1 0 1 1 1 1 1 1 1 1 1 1 1 1 1 1 0 1 0 1 1 1 1 1 1 1 1 0 1 1 1 1 2 2 2 1 1 1 1 1 2 1 1 1 1 1 1 1 1 2 1 1 1 1 2 1 1 2 1 2 2 2 2 1 1 1 2 1 2 1 2 2 2 2 2 1 2 2 2 2 2 1 2 2 1 2 2 2 0 2 2 1 2 2 1 4 2 2 1 1 1 2 1 2 2 2 2 2 2 2 2 2 2 2 2 2 2 1 2 5 2 2 2 2 2 1 2 2 2 2 2 2 1 2 2 2 2 2 2 2 2 2 1 2 1 2 2 2 2 2 2 5 2 2 2 2 2 2 1 2 2 2 8 2 2 2 2 4 2 2 11 8 17 2 1 2 2 5 5 2 2 5 5 2 2 8 2 2 2 5 8 11 5 2 2 5 20 8 20 26 17 2 2 5 2 2 5 14 5 5 6 2 5 5 20 8 8 47 4 86 40 148 89 6491 

0 0 0 0 0 0 0 0 0 0 0 0 0 0 0 0 0 0 0 0 0 0 0 0 0 0 0 0 0 0 0 0 0 0 0 0 0 0 0 0 0 0 0 0 0 0 0 0 0 0 0 0 0 0 0 0 0 0 0 0 1 0 0 0 0 0 0 1 0 1 0 1 0 0 0 0 0 0 0 0 1 0 0 0 0 0 0 0 0 1 0 0 1 0 0 0 1 0 1 0 0 1 1 1 1 1 0 0 1 1 0 1 0 0 0 0 1 1 1 1 0 0 0 0 0 0 0 0 1 1 0 1 1 0 1 1 0 1 0 2 0 1 1 1 1 1 1 1 1 0 0 2 1 0 1 1 1 1 1 1 0 0 1 1 1 0 1 1 1 1 1 1 1 1 1 1 1 0 1 1 1 1 1 1 1 1 0 0 1 0 2 2 1 1 0 1 1 1 2 1 1 1 1 1 1 1 1 2 1 0 2 2 1 1 1 1 2 1 1 1 1 1 1 1 0 1 2 2 0 2 0 2 2 2 1 2 2 0 2 0 2 2 1 1 2 1 2 2 2 1 0 1 2 2 2 1 2 2 2 1 2 2 2 2 2 5 1 1 1 1 2 1 2 0 1 1 2 2 1 2 2 2 1 2 1 2 1 2 2 2 2 2 2 2 2 2 2 2 2 2 2 2 2 2 2 2 1 2 5 2 2 2 2 2 2 2 2 1 2 2 1 2 2 2 2 2 2 2 0 2 2 2 1 5 2 5 2 2 2 5 8 8 8 2 2 2 2 2 8 5 1 2 2 2 2 2 2 2 5 2 5 2 2 7 2 2 5 5 8 5 5 2 2 11 5 14 11 8 5 29 5 2 17 4 2 2 16 8 11 32 31 26 11 14 17 137 7978 

0 0 0 0 0 0 0 0 0 0 0 0 0 0 0 0 0 0 0 0 0 0 0 0 0 0 0 0 0 0 0 0 0 0 0 0 0 0 0 0 0 0 0 0 0 0 0 1 0 0 0 0 0 0 0 0 0 2 0 0 0 1 1 0 0 0 0 0 1 0 0 0 0 0 0 0 1 0 0 0 0 0 0 0 1 0 0 0 0 1 2 1 0 1 0 1 0 1 0 0 0 0 0 0 0 1 0 0 0 0 0 2 0 1 0 0 0 1 1 0 0 1 0 0 1 0 1 0 0 1 1 0 0 1 0 0 1 0 0 0 1 0 1 1 1 0 0 1 1 0 1 0 1 1 1 1 1 1 1 0 0 2 0 2 1 2 1 1 1 1 1 1 1 1 1 2 1 1 0 1 2 1 1 1 1 1 1 1 1 0 1 2 1 1 1 0 1 1 2 2 2 1 1 0 1 2 2 1 1 1 1 1 1 2 1 1 1 2 1 1 1 1 1 2 1 0 1 1 1 1 2 0 2 1 1 1 1 1 2 1 1 1 1 1 1 2 2 2 2 0 2 1 2 1 2 2 2 1 2 4 2 2 0 2 2 1 2 1 2 2 1 2 2 2 1 2 1 1 1 1 2 1 2 1 2 2 1 2 2 2 2 2 2 2 2 2 2 2 5 2 2 2 2 2 2 2 2 2 2 1 2 2 2 2 2 5 2 2 2 2 2 2 2 2 1 2 2 2 2 2 2 2 2 2 8 2 1 11 7 2 2 5 2 2 2 2 4 2 2 4 2 2 8 5 8 2 10 5 11 2 2 5 8 2 4 14 5 2 2 11 2 2 2 8 5 2 11 10 5 5 38 2 8 35 35 23 2 11 8 59 18 23 68 158 62 53 3411 

0 0 0 0 0 0 0 0 0 0 0 0 0 0 0 0 0 0 1 0 0 0 0 0 0 0 0 0 0 0 0 1 0 0 0 0 0 0 0 0 0 0 0 0 0 0 0 1 0 0 0 0 0 0 0 0 0 1 0 0 0 0 1 0 0 0 0 1 0 0 0 0 0 0 0 0 0 0 0 0 0 0 0 0 0 0 0 0 0 0 0 0 0 1 1 0 0 1 1 1 0 0 0 1 1 1 1 0 0 0 0 0 0 0 0 0 0 0 0 2 2 0 1 0 0 0 0 2 0 0 1 1 1 0 1 1 1 1 1 1 0 1 1 1 1 1 0 1 1 2 1 1 0 1 1 1 1 2 0 1 2 0 0 1 2 1 1 1 0 1 1 2 0 0 1 1 1 1 1 1 1 0 1 1 1 1 1 1 1 0 1 0 2 1 2 2 1 1 0 2 2 1 2 0 0 1 2 2 2 1 1 1 0 1 1 2 0 1 1 1 1 1 1 2 1 1 0 1 1 1 1 1 2 1 2 2 1 1 1 1 1 2 5 2 2 2 1 1 1 1 1 1 1 2 1 2 2 2 4 1 2 2 1 2 2 2 2 1 1 4 2 2 2 2 2 2 2 1 2 2 2 2 4 4 1 0 2 2 2 2 1 2 1 5 2 2 2 1 2 2 5 2 2 2 5 2 5 2 1 2 2 2 2 1 2 2 2 2 8 1 2 0 2 1 2 2 2 2 2 2 2 2 2 2 2 5 2 2 1 2 2 2 2 2 5 2 2 14 2 2 1 4 2 14 2 2 1 5 5 2 5 8 2 1 2 5 2 2 2 2 8 2 11 11 5 8 32 20 2 17 5 2 2 34 17 8 2 29 26 38 11 2 17 23 32 116 5406 

0 0 0 0 0 0 0 0 0 0 0 0 0 0 1 0 0 0 0 1 0 0 0 0 0 1 0 1 1 0 0 0 0 0 0 0 0 0 0 0 0 0 0 0 0 0 0 0 0 0 0 0 0 0 0 0 0 0 0 0 0 1 0 0 0 0 0 0 0 0 0 0 0 1 0 0 0 0 0 0 0 0 0 0 0 0 0 0 1 0 0 0 0 0 0 0 1 1 0 0 0 0 0 0 0 0 1 1 0 1 2 0 1 1 1 0 0 1 1 0 0 0 1 0 0 0 1 1 1 0 1 1 1 1 1 1 1 1 0 0 0 1 1 0 0 0 1 0 1 0 1 0 1 1 1 0 1 0 1 1 1 1 1 0 0 0 1 1 0 1 1 1 1 1 0 1 0 1 1 1 1 1 1 0 1 1 1 1 1 1 1 1 2 2 1 1 1 1 0 0 1 1 1 1 1 1 0 1 1 0 1 2 2 1 1 2 1 1 1 2 1 1 0 1 1 1 2 2 2 2 1 2 2 1 2 2 0 2 2 1 1 1 2 1 2 2 2 1 1 1 2 1 2 2 1 2 1 2 1 2 2 2 2 2 2 2 1 2 2 1 5 1 2 2 2 2 2 2 1 2 2 2 2 2 2 2 5 2 2 2 1 1 1 2 2 0 2 1 1 1 2 2 2 2 2 2 1 2 2 2 4 2 2 2 2 1 2 2 2 2 2 2 5 2 5 2 2 1 8 2 2 2 2 5 1 2 2 2 2 2 2 1 2 2 2 2 2 2 2 2 5 2 5 2 7 1 2 5 2 2 2 11 5 2 11 2 5 5 2 5 5 2 5 8 2 2 8 2 11 26 47 26 5 11 8 17 32 44 5 38 47 23 53 35 107 137 5194 

0 0 0 0 0 0 0 0 0 0 0 0 0 0 0 0 0 0 0 0 0 0 0 0 0 0 0 0 0 0 0 0 0 0 0 0 0 0 0 0 1 0 0 1 0 0 0 0 0 0 1 0 0 0 0 0 0 0 0 0 0 0 0 0 0 0 0 0 0 0 0 0 0 0 0 0 0 0 0 0 0 1 0 0 1 0 0 1 1 0 0 0 0 0 1 0 0 0 0 0 1 1 0 0 1 0 0 0 0 0 0 0 2 2 1 1 0 0 0 0 1 1 0 1 0 0 0 1 1 1 1 1 0 1 1 1 0 1 0 1 1 1 0 1 1 1 1 1 1 0 0 0 0 0 1 1 1 0 1 1 0 1 1 1 2 0 0 1 1 1 1 1 1 1 0 2 1 1 0 2 0 2 1 1 1 0 1 1 1 1 1 2 2 1 1 2 2 1 0 0 1 1 0 2 1 2 1 2 2 1 1 2 1 1 2 1 5 1 0 1 2 1 2 1 2 1 2 2 1 0 2 1 2 1 1 0 1 2 1 1 1 2 2 1 2 1 2 1 1 1 2 2 2 1 2 1 2 2 1 2 2 2 1 2 2 2 1 1 2 2 1 2 1 2 2 2 2 2 5 2 1 1 1 1 2 2 2 1 2 2 2 1 2 2 2 2 1 1 2 2 2 5 2 1 2 2 2 1 2 2 1 1 2 1 2 2 2 2 2 2 4 4 2 2 1 1 2 2 2 2 1 2 1 2 2 2 2 1 5 5 2 2 2 8 1 2 2 5 2 5 2 2 5 5 11 2 8 5 5 8 2 2 5 5 5 2 2 17 8 5 1 2 2 16 2 2 5 5 2 2 8 5 17 2 5 5 20 8 5 23 53 35 2 29 11 95 5243 

0 0 0 0 0 0 0 0 0 0 0 0 0 0 0 0 0 0 0 0 1 0 0 0 0 0 0 0 0 1 0 0 0 0 0 1 0 0 0 0 0 0 0 0 0 0 0 0 0 0 0 0 0 0 0 0 0 0 0 1 1 0 1 0 0 0 0 0 0 0 0 0 0 0 0 0 0 0 0 0 0 0 0 0 0 0 1 0 1 1 0 1 0 1 0 0 0 0 1 1 1 0 0 0 0 0 1 0 1 0 2 1 2 1 0 0 0 0 0 1 0 1 1 0 0 1 1 0 1 0 1 1 1 0 1 1 1 1 1 2 1 0 0 0 0 1 0 1 2 2 0 1 1 0 1 1 1 0 1 0 2 0 0 1 1 1 1 0 2 1 0 1 1 1 1 0 2 1 0 1 1 1 2 1 0 1 1 0 0 1 1 1 1 1 1 1 1 1 1 1 2 1 1 1 1 1 1 1 2 1 0 1 1 1 0 1 1 1 1 0 1 2 1 1 2 1 2 2 1 2 1 1 1 2 2 2 1 1 2 2 1 2 2 2 1 1 1 1 2 0 1 5 2 2 1 2 2 2 0 2 2 1 1 2 1 1 1 1 1 2 1 2 1 2 2 1 2 2 0 2 2 2 2 2 2 2 2 0 2 1 2 2 2 2 2 2 1 1 2 2 2 2 2 2 2 2 2 2 2 1 2 2 5 1 2 2 2 1 1 2 2 2 2 2 2 2 2 2 2 5 2 2 2 2 2 2 5 5 2 2 2 2 2 2 2 2 2 2 2 2 1 5 5 2 2 1 2 2 2 2 2 5 2 5 2 8 11 8 11 5 2 8 2 2 2 2 2 10 0 8 14 8 5 5 8 23 17 26 14 2 5 5 20 26 44 780 4517 

0 0 0 0 0 0 0 0 0 0 0 0 0 0 0 0 0 0 0 0 0 0 0 0 0 0 0 0 0 0 0 0 0 0 0 0 0 0 0 0 0 0 0 0 0 0 0 0 0 0 0 1 0 0 0 0 0 1 0 0 0 0 0 0 0 0 0 0 0 0 0 1 0 0 0 0 0 0 0 0 0 1 0 0 0 0 1 0 1 0 0 1 0 0 0 0 1 0 0 0 0 1 0 1 1 2 1 1 0 0 0 0 0 0 0 0 0 0 0 1 0 0 1 0 0 0 0 1 1 0 1 1 0 0 0 1 1 1 0 1 0 1 1 1 1 1 0 1 1 0 1 1 0 1 1 1 1 1 1 1 2 1 1 1 1 1 0 1 1 1 0 1 2 0 0 1 1 1 2 2 1 0 1 1 0 1 1 0 0 1 2 2 1 1 2 1 1 1 2 2 1 2 1 2 1 1 1 1 0 2 2 1 0 1 1 1 2 1 1 1 2 1 1 2 1 1 0 1 1 1 1 1 1 1 1 2 1 2 1 1 1 0 2 2 2 1 2 2 1 1 1 2 2 1 1 2 2 2 1 1 2 2 1 1 2 2 2 2 2 1 2 2 2 1 1 2 2 1 2 2 2 2 1 2 2 2 2 2 1 2 2 2 1 2 2 2 1 5 1 2 2 2 2 2 1 2 1 2 2 2 2 2 2 1 2 2 2 5 2 2 2 2 2 2 1 4 1 2 2 2 2 1 2 1 2 2 2 2 2 2 5 2 5 2 2 2 2 5 2 2 2 8 5 2 2 2 2 2 4 2 4 5 5 8 20 8 2 2 5 2 2 11 5 8 2 5 11 2 2 8 2 29 11 23 8 20 23 11 5 17 17 26 11 35 80 2 6116 

0 0 0 0 0 0 0 0 0 0 0 0 0 0 0 0 0 0 0 0 0 0 0 0 0 0 0 0 0 0 0 0 0 0 0 0 0 0 0 0 0 0 0 0 0 1 0 0 0 0 1 0 1 0 0 0 0 0 1 2 0 0 0 0 0 1 0 0 0 0 0 0 0 0 0 0 1 0 0 0 0 0 1 0 0 1 1 0 0 0 0 1 0 1 0 0 1 1 1 0 1 1 1 0 0 1 1 0 0 0 0 0 0 0 1 1 0 0 1 0 1 1 1 1 0 1 0 1 1 0 0 1 1 0 1 1 1 0 0 1 1 1 1 1 0 1 1 1 1 0 1 1 0 1 1 1 0 0 1 0 1 0 1 0 0 0 0 1 1 1 1 1 1 1 1 0 0 2 1 1 0 0 1 1 1 0 2 1 0 0 1 1 1 0 1 1 1 1 1 1 1 1 0 1 1 1 1 1 2 1 2 2 1 1 0 2 1 2 1 2 2 1 0 0 1 2 4 0 0 1 1 1 1 2 1 1 2 1 1 1 1 2 2 2 1 2 2 2 2 0 0 2 2 1 2 1 1 2 2 2 2 1 2 1 2 2 2 1 2 2 2 2 2 2 1 2 2 2 2 2 2 1 2 2 2 2 2 2 2 1 2 1 1 2 1 1 2 2 2 2 1 2 2 1 2 2 2 2 2 2 2 5 2 2 4 2 2 2 2 1 5 2 2 1 2 2 2 2 2 2 2 2 2 2 2 8 5 2 1 2 2 2 2 2 2 2 2 2 2 5 2 2 2 2 2 2 5 2 5 5 2 8 2 2 2 5 2 8 2 2 17 2 2 2 5 17 2 8 2 11 14 11 2 1 11 29 17 5 5 5 5 17 11 5 48 29 5708 

0 0 0 0 0 0 0 0 0 0 0 0 0 0 0 0 0 0 0 0 0 0 0 2 0 0 0 0 0 0 0 0 0 0 0 0 0 0 0 0 0 0 0 0 1 0 0 0 0 0 0 0 0 0 0 0 0 0 0 0 0 0 0 0 0 0 0 0 0 0 0 0 0 0 0 0 0 0 0 0 0 0 0 0 0 0 0 1 0 0 1 0 0 0 0 0 0 1 0 0 1 1 0 1 0 1 0 0 1 1 0 0 0 0 1 0 0 1 1 1 0 0 1 0 0 0 1 1 1 1 0 0 1 1 0 1 0 0 1 1 0 1 1 0 0 1 1 0 0 1 1 1 1 0 1 1 0 2 1 0 1 1 1 1 0 1 2 1 0 1 2 0 1 1 2 1 1 0 1 1 0 1 2 1 2 1 1 1 0 1 1 1 1 1 1 2 1 1 0 1 1 1 1 1 1 1 1 1 2 1 1 2 1 1 1 1 1 1 2 1 1 1 2 0 2 2 2 1 1 0 1 2 2 2 2 1 2 1 2 1 1 1 1 1 5 1 1 2 1 2 1 2 2 1 1 2 1 1 1 2 2 2 2 2 2 1 2 2 2 2 2 2 1 1 2 1 2 2 2 2 2 1 2 2 2 2 5 2 2 1 2 1 1 1 1 2 2 2 5 2 2 1 2 2 2 2 2 1 2 2 2 1 2 1 2 5 2 2 2 2 2 2 2 1 2 1 2 2 2 2 2 2 4 2 2 2 2 2 5 2 1 2 2 5 2 2 2 2 2 5 2 2 2 2 2 2 2 2 2 5 5 2 2 5 8 1 8 2 2 14 2 2 2 2 8 2 2 11 2 23 5 8 5 5 11 11 2 17 1 2 11 14 71 35 50 11 6811 

0 0 0 0 0 0 0 0 0 0 0 0 0 0 0 0 0 0 0 0 0 0 0 1 0 0 0 0 0 0 0 0 0 0 0 0 0 0 0 0 0 0 0 0 0 0 0 0 0 0 0 0 1 0 0 0 0 0 0 0 0 0 0 0 0 0 0 0 1 0 0 0 0 0 1 0 0 0 0 0 0 0 1 0 0 0 0 0 0 0 0 0 0 0 1 0 0 0 1 1 0 0 0 0 0 1 1 1 1 0 0 0 0 0 1 0 0 0 0 0 0 0 0 0 1 0 0 0 1 0 0 1 1 0 0 0 1 1 1 1 1 1 1 1 1 1 0 1 1 1 1 1 1 0 0 0 1 1 1 1 1 1 0 0 1 1 1 1 1 1 1 2 1 1 1 1 1 1 0 1 1 1 0 1 1 1 2 1 1 1 1 2 0 1 2 1 1 1 1 1 1 1 1 1 2 1 2 1 1 0 2 1 1 1 1 1 1 1 1 1 1 2 1 2 1 2 1 1 2 1 1 1 1 1 0 1 2 2 2 1 1 2 2 1 2 1 2 2 2 2 2 4 2 2 2 1 1 1 2 1 2 1 2 1 2 2 2 2 5 2 1 1 2 2 2 1 2 2 2 2 2 2 1 5 2 1 1 2 2 2 2 2 2 1 2 2 2 1 2 2 2 2 2 2 2 2 2 2 2 1 5 2 2 2 2 2 2 2 1 2 2 5 2 2 2 2 0 2 2 5 2 2 1 2 2 2 2 5 2 2 2 8 2 8 2 11 2 2 2 2 2 11 2 2 2 2 2 2 8 5 2 8 2 5 2 1 2 6 8 5 5 2 2 2 2 5 2 20 11 11 8 2 17 2 5 2 11 17 2 67 8 2 56 41 47 283 6148 

0 0 0 0 0 0 0 0 0 0 0 0 0 0 0 1 0 0 0 0 0 0 0 0 0 0 0 0 0 1 0 0 0 0 0 0 0 0 0 0 0 0 0 0 0 0 0 0 0 0 0 0 0 0 0 0 1 0 0 0 0 0 0 0 0 0 0 0 0 0 1 0 0 0 0 0 0 1 0 0 1 0 0 0 0 0 0 1 0 1 0 0 0 1 1 0 0 0 1 0 0 0 0 0 0 0 1 0 1 1 0 0 0 1 0 0 0 0 0 1 0 0 0 0 1 1 1 0 0 0 1 2 1 1 0 2 1 1 1 1 0 1 1 0 0 1 1 0 0 1 0 1 2 1 0 0 1 1 1 1 0 1 1 0 1 1 1 1 1 1 1 0 1 2 1 0 1 0 2 0 1 1 1 1 1 1 1 1 1 1 1 1 1 1 1 1 1 1 0 0 2 1 2 0 0 1 1 2 1 2 1 1 1 0 1 1 1 1 2 1 2 1 1 1 1 1 2 1 1 2 1 1 2 2 1 3 1 2 2 1 2 1 1 1 1 2 2 1 1 2 2 1 2 2 4 2 1 1 1 1 2 2 1 1 2 2 2 1 1 2 4 2 2 2 2 2 2 2 2 2 2 2 2 2 1 2 2 2 2 2 2 2 2 2 2 2 2 5 1 2 2 2 2 2 2 2 2 2 2 2 2 2 2 2 1 2 2 2 2 1 2 5 2 2 2 2 2 2 2 2 1 2 2 2 2 1 2 2 2 2 2 5 5 2 4 5 2 2 2 1 2 5 2 1 2 2 2 5 2 5 2 2 8 5 8 14 5 8 8 1 8 2 2 8 2 38 11 1 2 5 5 11 26 14 8 2 23 26 92 2 89 14 16 32 74 230 6168 
