0 0 0 0 0 0 0 0 0 0 0 0 0 0 0 0 0 0 0 0 0 0 0 0 0 0 0 0 0 0 0 0 0 0 0 0 0 0 0 0 1 1 0 0 1 0 0 0 0 0 0 0 0 0 0 0 0 0 0 0 0 0 0 0 0 0 0 0 0 0 0 0 0 1 1 0 0 2 1 0 0 0 0 1 0 0 0 0 0 0 0 0 1 1 0 0 0 0 0 0 0 0 1 0 0 1 0 1 0 0 1 1 0 1 1 1 1 0 1 0 1 0 1 0 0 1 1 0 0 0 0 0 0 0 0 1 0 0 0 0 1 1 0 0 1 0 1 1 0 1 2 0 1 1 1 1 0 1 1 1 1 1 1 2 1 1 1 1 2 1 1 1 0 1 1 1 1 1 1 1 2 0 1 1 0 0 1 0 2 1 1 1 2 1 0 1 1 1 1 0 1 2 0 2 1 2 2 1 2 1 1 0 1 1 1 0 1 1 1 2 1 2 2 1 1 2 2 1 2 2 1 1 2 2 1 1 1 1 2 1 1 1 1 2 1 1 0 2 2 2 2 2 1 2 2 2 1 2 2 2 2 2 2 1 1 2 2 1 1 1 2 2 1 2 2 2 2 2 2 2 2 1 2 2 1 2 1 1 1 2 1 1 2 2 2 2 5 2 2 2 1 2 5 2 1 2 2 2 2 2 2 2 2 2 1 2 2 2 2 2 2 2 2 2 2 2 2 2 7 2 2 2 2 2 4 2 5 2 2 2 2 5 2 2 4 4 2 2 1 2 2 5 2 2 2 2 2 2 2 11 2 2 8 8 5 8 1 2 17 2 2 2 2 5 8 11 2 2 11 2 23 10 2 11 53 17 14 2 41 55 8 1 8 47 11 64 7143 

0 0 0 0 0 0 0 0 0 0 0 0 0 1 0 0 0 0 0 0 0 0 0 0 0 0 0 0 0 0 0 0 0 0 0 0 0 0 0 0 0 0 0 0 0 0 0 0 0 0 0 0 0 0 0 0 0 1 0 0 0 0 1 0 0 2 0 0 1 0 1 0 1 0 0 0 0 0 0 0 0 1 0 0 0 0 1 0 0 0 0 0 1 0 0 0 0 0 0 1 0 0 0 1 0 0 0 0 0 1 0 0 0 1 1 1 2 0 0 1 0 0 1 0 0 0 1 1 1 1 1 1 0 1 0 0 0 0 1 1 0 0 0 1 0 0 1 1 0 0 0 1 2 0 1 0 1 1 1 1 1 1 0 1 2 1 0 1 1 1 1 1 0 1 1 1 1 1 2 1 2 1 2 1 2 0 2 1 1 1 1 1 1 1 1 1 0 1 2 2 1 1 1 0 1 1 0 1 1 1 1 1 1 2 1 1 1 1 2 1 1 1 2 0 1 2 1 1 1 1 2 2 2 1 2 2 1 1 1 2 1 1 2 1 1 1 2 1 1 1 2 1 2 1 0 2 1 2 2 1 2 2 1 2 1 2 1 2 2 2 2 1 2 2 2 1 1 1 2 2 0 2 1 2 2 2 2 2 2 2 2 2 2 2 1 1 2 2 1 2 2 2 2 1 1 2 5 2 2 2 2 2 2 2 2 2 1 2 2 2 2 5 2 2 2 2 2 1 2 2 2 2 2 2 1 2 2 2 2 2 5 2 2 2 2 4 2 2 5 2 2 2 2 5 5 2 2 8 5 2 2 2 5 5 8 2 2 1 17 8 5 8 2 2 2 2 11 5 5 5 2 2 2 17 8 16 17 2 14 23 8 5 11 77 218 125 7335 

0 0 0 0 0 0 0 0 0 0 0 0 0 0 0 0 0 0 0 0 1 0 0 0 0 0 0 0 0 0 0 0 0 0 0 0 0 0 1 0 0 1 0 0 0 0 0 0 0 0 0 0 0 0 0 0 0 0 0 0 0 0 0 0 0 0 0 0 0 0 0 0 0 0 1 0 0 0 0 0 0 1 1 0 0 0 0 0 1 0 0 0 0 1 1 0 1 0 0 1 0 0 0 1 0 0 0 0 0 0 0 0 0 1 0 0 0 0 0 0 0 1 1 1 0 1 1 1 0 1 1 1 0 0 1 2 1 1 1 0 1 0 0 1 1 0 1 0 0 0 0 0 0 1 1 1 1 0 1 0 0 1 0 1 1 1 2 1 1 2 1 1 1 1 1 0 1 1 1 2 1 1 1 1 1 0 1 1 1 1 2 1 1 1 1 1 2 0 1 1 1 2 1 2 0 2 2 1 1 1 2 2 1 1 2 2 1 2 1 0 2 1 1 1 2 2 2 1 1 1 1 1 2 1 1 2 1 1 2 2 2 1 2 2 2 1 2 1 2 1 2 2 1 2 1 1 2 2 2 2 2 1 1 1 2 1 4 2 1 1 2 1 2 2 2 2 2 2 1 2 2 2 2 1 2 2 2 1 1 2 2 2 1 2 1 2 2 2 2 0 1 2 1 2 2 1 2 2 2 2 2 1 2 1 1 2 2 2 2 2 2 2 2 2 1 2 2 2 2 2 2 5 2 2 1 5 2 2 2 2 2 5 5 2 5 7 2 2 2 1 2 2 8 2 2 5 14 5 2 2 2 5 5 2 2 11 2 2 5 5 2 5 5 2 2 5 2 5 2 11 2 8 2 14 32 23 29 1 5 37 50 8 8 59 97 314 7330 

0 1 0 0 0 0 0 0 0 0 0 0 1 0 0 0 0 0 0 0 0 0 0 0 0 0 0 0 0 0 0 0 0 0 0 0 0 0 0 0 0 0 0 0 0 0 1 0 0 0 0 0 0 0 1 0 0 0 0 1 0 0 0 0 0 1 1 0 0 0 0 0 0 0 1 0 1 1 0 0 1 1 0 0 0 0 0 0 0 0 1 0 0 0 0 0 0 0 2 0 0 0 0 1 0 0 0 0 1 1 0 0 1 0 0 0 1 0 0 0 0 0 0 1 0 0 0 0 0 0 1 2 1 0 0 1 1 0 1 0 1 1 1 1 1 1 1 1 1 1 1 0 1 1 1 1 1 1 1 1 0 0 0 0 1 1 1 1 1 1 1 1 1 2 1 1 0 1 1 0 1 1 1 2 1 1 1 0 0 1 2 0 1 0 1 1 1 2 1 2 1 1 2 1 1 1 2 0 1 1 1 2 2 0 1 2 1 2 0 1 2 0 0 2 1 1 1 0 2 2 1 1 2 1 2 1 1 1 2 1 1 2 1 1 1 1 0 1 1 1 2 1 1 2 2 2 2 1 1 1 1 1 2 1 2 2 1 1 1 2 2 1 1 2 2 2 4 2 2 2 2 1 2 2 2 2 2 2 1 2 2 1 2 2 2 2 2 2 2 2 2 2 2 2 2 2 2 2 2 8 1 2 2 2 2 5 2 2 2 1 2 2 2 2 1 2 2 2 2 1 2 2 2 2 2 2 2 11 2 2 5 2 2 2 2 1 5 2 5 2 2 2 2 5 2 2 2 2 2 2 2 4 2 2 2 8 2 5 2 2 8 2 5 2 2 11 8 5 17 2 2 2 2 14 2 5 8 8 23 2 8 2 2 11 17 53 7758 

0 0 0 0 0 0 0 0 0 0 1 0 0 0 0 0 0 0 0 0 0 0 0 0 0 0 0 0 1 0 0 0 0 0 0 0 0 0 0 0 0 0 0 0 0 0 0 0 0 0 0 0 0 0 0 0 0 0 0 0 0 1 0 0 0 0 0 0 0 1 0 0 0 0 0 1 0 0 0 0 0 1 1 0 0 1 0 0 0 0 0 0 1 0 0 0 0 0 0 0 0 1 1 1 0 0 1 0 1 0 1 1 0 0 2 0 1 1 0 0 0 1 0 0 2 1 1 0 0 1 0 1 1 1 0 1 0 1 0 1 0 1 0 0 1 1 1 0 0 0 1 1 0 1 1 1 1 0 1 0 0 0 1 0 1 1 1 0 1 1 1 1 0 2 2 1 1 1 1 1 1 0 1 1 1 1 1 1 0 1 1 0 1 1 1 1 1 2 1 0 1 0 1 1 1 1 2 1 1 1 1 2 1 0 1 1 1 1 1 2 2 1 1 2 1 1 1 1 1 2 1 1 2 2 1 2 2 1 2 1 2 2 2 1 2 2 2 2 1 2 0 2 1 1 2 1 2 2 2 2 1 1 2 1 2 2 1 2 1 2 1 2 2 2 2 2 2 2 2 4 2 2 2 2 2 2 2 2 1 1 2 1 2 2 1 2 2 5 4 2 1 2 5 2 2 1 1 2 2 2 2 2 2 2 2 2 2 2 2 2 2 2 2 2 2 2 5 1 0 2 1 2 2 2 2 5 2 5 5 2 2 2 2 2 2 2 4 2 2 2 5 2 2 2 17 2 2 2 1 5 5 5 2 2 2 17 2 2 5 2 8 2 11 2 5 2 17 11 8 2 4 2 2 2 5 5 5 8 32 20 11 5 98 22 26 209 7757 

0 0 0 0 0 0 0 0 0 0 0 0 0 0 0 0 0 0 0 0 0 0 0 0 0 0 0 0 0 0 0 0 0 0 0 0 0 0 0 0 0 0 0 0 0 0 0 1 0 0 1 0 0 0 0 0 0 0 0 0 0 0 0 0 1 0 0 1 0 0 0 0 1 0 0 1 1 0 0 0 0 0 0 0 0 0 0 0 0 0 0 0 0 0 0 1 1 2 0 0 0 0 0 1 0 0 0 1 1 0 0 0 0 0 1 1 0 0 1 0 1 1 1 0 1 0 0 1 0 1 1 1 1 1 0 1 1 1 0 1 1 1 0 0 0 1 0 1 1 0 2 1 0 1 1 1 0 1 1 1 0 1 1 1 1 1 1 1 0 2 1 0 1 1 1 1 0 1 0 0 1 1 2 1 1 2 1 2 1 1 2 2 1 0 0 1 1 1 1 1 2 2 2 2 0 1 1 1 1 1 1 1 1 1 2 1 1 1 1 1 0 1 0 0 2 1 1 1 2 1 1 1 1 1 1 2 2 1 0 2 2 1 2 1 1 1 2 1 1 2 1 2 2 1 1 2 2 2 1 1 0 2 2 1 2 2 2 1 2 2 2 1 1 2 1 2 2 2 2 2 1 1 2 2 1 2 2 2 1 2 2 2 2 2 2 2 2 2 2 4 2 2 2 2 2 2 1 1 2 2 2 2 2 2 2 2 2 5 2 2 8 2 2 2 2 2 1 2 2 2 1 8 2 2 2 2 2 2 2 2 2 2 11 2 8 5 2 2 5 2 2 2 2 4 2 2 2 5 1 2 5 4 5 2 8 9 5 5 2 5 5 5 2 2 8 2 2 2 2 11 5 8 2 26 5 5 14 11 2 14 11 5 14 2 11 320 8398 

0 0 0 0 0 0 0 0 0 0 0 0 0 0 0 0 0 0 0 0 0 0 0 0 0 0 0 0 0 0 0 0 0 0 0 0 0 0 0 0 0 0 0 0 0 0 0 0 0 0 0 1 0 0 1 0 0 0 0 0 0 0 0 0 0 0 0 0 0 0 0 0 0 0 0 0 0 0 0 0 0 0 0 0 0 1 0 0 0 0 0 0 0 0 1 0 1 0 1 1 1 1 1 1 0 1 0 0 0 0 0 0 0 0 1 1 0 1 0 0 1 2 0 0 1 1 0 0 2 1 1 1 1 1 0 1 0 0 0 1 1 0 1 0 0 1 1 1 0 1 1 1 0 1 1 1 0 1 1 0 1 1 1 1 1 2 0 1 1 1 1 1 1 1 1 1 1 1 1 1 1 1 1 1 1 1 1 1 0 2 1 1 1 0 0 1 1 2 0 1 2 0 1 1 1 1 2 1 2 2 1 2 1 1 2 1 0 1 2 2 1 1 1 1 2 1 1 1 1 2 1 1 2 1 1 1 2 1 2 2 2 2 2 2 2 2 2 1 0 2 1 2 1 2 0 2 1 2 2 2 2 2 1 2 2 2 1 1 2 2 2 2 2 1 2 0 1 2 1 0 1 2 1 1 2 1 2 2 2 2 2 5 2 1 2 2 2 2 2 2 2 1 2 1 2 2 2 1 2 2 2 2 1 5 2 2 2 2 2 2 2 2 2 2 2 2 5 2 2 2 2 2 2 2 2 2 2 2 2 10 2 2 2 5 2 5 2 2 2 2 2 5 2 5 2 2 5 5 0 2 11 1 8 5 2 2 2 5 8 2 2 2 2 2 1 7 11 5 11 50 8 5 5 14 2 26 5 17 2 23 47 4 76 91 155 359 9001 

0 0 0 0 0 0 0 0 0 0 0 0 0 0 0 0 0 0 0 0 0 0 0 0 0 0 0 0 0 0 0 0 0 0 0 0 0 0 0 1 0 1 0 0 0 0 0 0 0 0 0 0 0 0 0 0 0 1 0 0 0 0 0 0 1 0 0 0 0 1 0 0 0 0 1 1 0 0 0 0 0 0 0 0 0 0 1 1 1 0 0 0 1 1 0 0 0 0 1 0 0 0 0 0 0 1 1 0 1 0 0 1 1 0 0 0 1 0 2 0 1 1 0 1 1 1 1 0 0 1 1 0 1 0 2 1 0 1 0 0 0 1 0 0 1 1 1 1 1 0 1 0 1 1 1 1 2 3 1 0 2 1 0 0 1 0 1 1 0 1 2 0 1 1 1 0 1 0 2 1 0 1 1 1 1 1 0 1 1 1 2 0 1 1 2 1 1 0 0 1 1 1 1 1 2 1 1 2 1 2 1 0 1 1 1 0 1 1 1 1 2 1 1 1 1 4 1 1 2 1 1 2 2 0 1 1 1 1 1 0 1 1 1 1 2 1 2 1 2 2 2 2 1 1 2 2 2 2 1 2 2 2 1 1 2 1 2 1 2 2 2 2 2 2 2 2 1 2 1 2 2 2 2 2 2 2 2 2 0 2 2 2 2 2 2 2 2 2 2 2 2 2 2 1 2 2 2 1 2 2 2 1 2 2 2 2 2 2 2 5 5 1 1 2 1 2 2 2 2 2 2 2 2 2 2 2 2 1 2 2 1 2 5 2 2 2 8 8 1 2 5 2 2 2 2 2 2 5 2 5 1 2 5 5 2 2 2 2 1 2 2 2 5 14 5 2 2 11 2 5 8 8 8 8 2 11 8 65 53 38 71 14 2 62 44 14 7566 

0 0 0 0 0 0 0 0 0 0 0 1 0 0 0 0 0 0 0 0 0 0 0 0 0 0 0 0 0 0 0 0 1 0 0 0 0 1 0 0 0 0 0 0 0 0 0 0 0 0 1 0 0 0 0 1 0 0 0 0 0 0 0 0 1 0 0 0 0 0 0 1 0 1 0 0 0 0 0 0 0 0 0 0 0 0 0 1 0 0 0 0 0 0 0 1 0 0 0 1 1 0 0 1 1 0 0 0 1 1 0 1 0 1 1 0 0 0 0 2 1 0 1 0 0 0 2 0 0 0 1 1 1 1 1 1 0 0 0 0 1 1 1 1 1 1 1 1 1 1 1 0 2 0 0 0 0 2 2 1 0 0 1 0 1 0 1 0 1 2 0 1 1 1 1 1 1 1 0 0 1 1 1 1 1 1 2 1 1 2 1 1 0 1 1 1 1 1 0 1 1 2 0 2 0 1 1 1 1 1 2 1 1 2 2 0 2 1 2 1 1 1 1 1 2 2 1 2 2 1 1 2 1 2 1 1 1 1 1 0 1 4 2 1 1 2 1 2 1 1 2 1 1 2 1 2 2 1 2 1 1 2 1 1 2 1 1 5 1 2 2 2 0 2 2 2 1 1 2 1 2 2 2 2 2 2 1 2 2 2 2 2 1 2 2 2 2 2 2 2 2 2 2 2 2 2 2 2 2 2 2 1 2 2 2 5 2 5 5 5 1 2 2 2 2 2 8 5 1 5 2 2 2 1 2 8 5 2 2 2 2 5 2 2 1 2 2 2 5 2 2 5 2 2 1 2 2 2 5 8 2 5 5 5 2 2 11 8 5 2 8 5 2 2 2 5 2 5 2 11 5 2 11 2 5 11 14 26 14 14 10 5 50 134 25 6 6266 

0 0 0 0 0 0 0 0 0 0 0 0 0 0 0 0 0 0 0 0 0 0 0 0 0 0 0 0 0 0 0 0 0 0 0 0 0 0 0 0 0 0 0 0 0 0 0 0 0 0 0 0 0 0 1 0 0 0 0 0 0 0 0 0 0 0 2 0 0 1 0 0 0 1 0 1 0 0 0 0 0 0 1 0 0 0 0 0 0 0 1 1 0 0 1 0 0 0 0 1 0 1 0 1 1 0 0 1 1 0 1 0 1 1 3 0 1 0 1 1 0 1 0 1 1 1 0 0 1 0 1 1 1 0 1 0 1 0 0 1 1 1 0 0 1 1 0 1 1 0 1 0 1 1 0 1 1 1 1 0 2 0 1 0 1 0 1 0 0 1 1 1 0 1 1 1 1 0 0 1 1 1 1 0 0 0 1 1 0 1 2 1 1 1 0 1 1 1 1 1 1 1 1 2 2 1 1 1 1 1 1 1 1 2 1 1 1 1 1 1 2 2 2 1 0 1 0 2 2 1 1 2 1 1 1 1 2 2 5 1 1 2 2 1 1 2 1 2 1 0 2 1 1 1 1 1 1 2 2 1 2 2 1 2 2 2 0 1 2 2 2 2 2 2 2 2 2 1 2 2 2 2 2 2 2 2 2 2 2 2 2 2 1 5 2 2 2 2 1 2 1 2 2 1 2 1 1 1 2 2 2 2 2 2 2 2 2 2 2 5 2 2 2 2 2 2 2 2 2 2 2 2 5 2 2 2 2 2 2 2 2 8 7 2 2 2 11 2 2 8 2 2 2 8 2 5 2 5 8 5 11 2 5 2 5 1 2 2 11 5 1 5 2 5 8 11 2 11 5 5 2 8 8 14 20 5 11 2 14 32 35 17 14 26 8 71 4720 

0 0 0 0 0 0 0 0 0 0 0 0 0 0 0 0 0 0 0 0 0 0 0 0 0 0 0 0 0 0 0 0 0 0 0 0 0 0 0 0 0 0 0 0 0 0 0 0 0 0 0 0 0 0 0 0 0 0 0 0 0 0 1 0 0 1 0 1 0 0 0 0 0 0 1 0 0 0 0 0 0 0 0 1 0 0 0 1 0 0 1 0 0 1 1 0 1 0 0 1 0 0 0 0 0 0 0 0 0 0 1 0 0 0 1 0 1 1 1 0 0 0 0 1 0 0 1 1 1 1 0 0 1 0 1 0 1 0 1 1 0 1 0 2 1 1 0 1 1 1 2 1 1 0 1 1 1 1 1 0 1 1 1 1 1 1 1 0 0 1 0 0 2 1 1 1 1 1 1 0 1 2 1 1 1 1 1 1 1 1 1 2 1 1 1 1 1 1 1 1 0 1 0 2 2 2 1 2 2 1 0 1 1 2 1 1 1 2 1 1 2 1 1 2 0 1 1 2 2 2 2 1 2 2 1 1 1 2 1 1 2 2 1 2 1 2 2 2 2 2 2 2 1 2 1 2 2 1 1 2 2 2 2 2 2 2 0 1 2 2 2 2 2 2 2 2 1 2 2 2 2 2 1 2 2 2 2 1 2 2 2 1 2 2 2 2 2 2 2 2 2 1 1 2 2 2 2 2 2 2 2 2 2 2 0 2 1 1 2 2 2 2 2 2 2 5 1 2 2 2 5 2 2 2 2 0 1 2 1 2 2 2 1 5 4 2 1 5 2 2 2 2 8 2 4 2 1 5 5 20 2 5 1 2 8 2 2 1 11 8 2 28 1 8 11 7 17 5 8 2 2 5 2 8 2 2 20 14 3 29 26 74 149 29 59 109 6520 

0 0 0 0 1 0 0 0 0 0 0 0 0 0 0 0 0 0 0 0 0 0 0 0 0 0 0 0 0 0 0 0 0 0 0 0 0 1 0 0 0 0 0 0 0 0 0 0 0 0 0 0 0 1 0 0 0 0 0 0 0 0 0 0 0 0 0 0 0 0 0 0 1 0 0 0 1 1 0 0 0 0 0 0 2 0 1 0 0 0 0 0 0 0 0 0 0 0 0 0 0 0 0 1 0 0 1 1 0 1 0 0 1 1 1 0 0 0 0 1 0 0 0 1 1 0 1 1 0 1 0 1 0 0 1 1 0 1 1 1 0 0 1 1 1 1 1 0 1 0 1 1 1 1 0 0 0 1 1 1 1 1 1 1 0 1 1 1 0 1 1 1 1 0 1 1 0 1 0 1 0 1 2 1 1 1 0 0 1 1 1 1 1 1 1 2 1 2 0 1 2 1 2 1 1 2 2 1 1 1 2 2 1 2 1 2 1 1 2 2 1 1 1 1 1 1 1 1 1 5 1 4 2 2 2 2 1 2 2 1 1 2 2 2 1 2 2 1 2 1 1 2 2 2 1 2 2 2 1 1 2 1 1 2 2 2 2 1 2 2 2 2 2 2 2 2 2 2 2 2 2 2 2 2 1 1 2 0 2 2 1 2 2 1 2 2 2 1 2 1 1 5 2 2 2 2 2 2 2 2 2 2 2 2 0 1 2 2 5 2 2 5 5 2 2 2 2 2 2 1 4 1 2 0 1 1 2 2 2 5 1 5 5 2 2 2 2 5 2 2 5 2 2 2 2 2 2 2 5 1 2 5 5 2 1 2 8 14 5 2 5 5 2 8 2 2 2 2 1 2 8 2 8 8 32 23 8 20 2 2 14 32 10 8 10 14 8407 

0 0 0 0 0 0 0 0 0 0 0 0 0 0 0 0 0 0 0 0 0 0 0 0 0 0 0 0 0 0 0 0 0 1 0 0 0 0 0 0 0 0 0 0 0 0 0 0 0 0 0 0 0 0 0 1 1 0 0 1 0 0 0 1 0 0 0 0 0 2 1 1 1 0 0 1 0 0 0 0 0 0 1 0 0 0 0 0 0 1 0 0 0 0 0 0 0 0 0 1 0 1 0 1 1 0 0 0 0 0 0 0 0 0 0 1 0 1 1 1 0 0 1 1 1 0 0 1 0 0 0 0 1 1 1 1 0 0 1 0 1 1 2 0 1 0 0 1 0 1 1 0 1 1 1 2 0 1 0 1 1 1 1 2 0 1 1 1 0 1 1 1 1 2 1 1 2 1 1 0 2 1 1 1 1 2 1 2 1 1 2 1 0 1 1 1 2 1 1 1 1 1 1 2 2 0 1 0 1 1 2 1 2 1 2 2 1 2 1 1 0 2 0 2 2 1 1 1 2 1 1 1 2 1 2 0 2 1 1 2 2 2 2 2 2 0 1 1 1 2 2 0 2 2 1 2 1 1 2 0 1 1 2 1 2 2 1 0 2 2 1 2 1 2 0 2 1 1 1 2 1 2 1 2 1 1 1 1 1 1 1 1 1 2 4 2 2 5 2 4 4 2 2 2 2 2 2 2 2 2 2 4 2 2 2 2 1 2 2 2 2 2 11 2 2 2 5 2 2 5 2 5 2 8 2 2 4 8 5 2 2 8 2 5 2 2 5 2 2 2 2 2 5 2 8 2 2 2 2 5 5 2 2 2 2 8 7 8 14 8 5 2 2 11 5 5 8 2 2 5 5 8 5 14 8 26 41 47 8 53 23 38 11 20 29 275 7829 

0 0 1 0 0 0 0 0 0 0 0 0 0 0 1 0 0 0 0 0 0 0 0 0 0 0 0 0 0 0 0 0 0 0 0 0 0 0 0 1 0 0 0 0 0 0 0 0 0 1 0 0 0 1 0 0 0 0 0 0 0 0 0 1 0 0 0 0 0 0 1 0 0 0 0 1 0 0 0 0 0 0 0 0 0 1 0 0 0 0 1 0 0 0 0 0 0 0 0 1 1 1 1 0 0 1 0 0 0 1 0 1 0 0 0 1 1 1 0 1 1 0 0 0 2 1 0 1 1 1 1 0 0 0 2 1 1 0 0 0 0 1 0 0 1 1 0 0 0 1 1 1 1 1 1 1 0 0 1 0 1 1 1 1 0 0 1 1 1 1 1 1 0 1 1 1 2 1 1 1 0 0 1 1 1 2 1 1 1 1 0 0 2 1 1 1 1 1 1 0 1 1 1 2 1 2 2 1 1 2 1 1 1 1 1 1 1 0 1 2 2 0 2 1 2 1 1 2 2 2 1 2 2 2 1 1 1 1 2 1 2 2 1 0 1 1 1 2 2 2 1 1 2 1 1 2 2 1 1 2 2 2 1 1 2 2 1 2 2 2 2 2 1 2 2 2 1 1 2 2 2 1 5 1 1 2 1 2 2 8 2 2 2 5 2 1 2 1 1 1 2 2 5 2 2 2 5 2 2 2 2 2 2 2 2 2 2 5 2 2 1 2 2 2 1 2 0 2 2 2 5 2 2 5 2 2 2 2 2 2 2 2 2 2 2 3 5 2 2 5 5 2 5 2 2 2 2 2 5 8 2 2 2 2 2 2 2 2 2 5 2 2 5 5 2 2 20 2 0 32 19 8 5 14 26 2 14 41 5 1 8 32 29 17 77 47 7623 

0 0 0 0 0 0 0 0 0 0 0 0 0 0 0 0 0 0 0 0 0 0 0 0 0 0 0 0 0 0 0 0 1 0 0 1 0 0 0 0 0 0 0 1 0 0 0 0 0 0 0 0 0 0 0 0 0 0 0 0 0 0 0 0 0 0 0 0 0 0 0 0 1 0 0 0 0 1 0 0 0 0 1 0 0 0 0 0 0 0 0 0 0 1 0 0 2 0 0 1 0 0 0 0 0 0 0 1 1 0 0 0 0 0 0 0 1 1 1 0 0 0 1 0 0 0 1 1 0 1 0 1 1 0 1 1 1 0 1 1 1 0 2 0 1 0 1 0 0 2 1 1 1 1 1 0 1 1 1 1 1 1 1 1 1 1 1 0 1 1 1 1 0 1 1 1 2 1 1 1 0 0 1 2 1 1 1 1 2 1 1 1 1 1 1 1 1 1 1 1 1 1 0 1 1 1 1 2 1 1 1 1 1 2 1 1 0 1 2 0 1 1 2 1 1 2 2 2 2 2 2 2 2 2 1 2 1 1 2 1 2 0 1 2 2 1 2 1 2 1 2 1 5 2 1 1 2 2 1 1 1 2 1 2 2 2 2 2 1 2 2 2 2 1 2 2 2 1 1 2 2 2 2 2 2 2 2 2 0 2 2 2 2 2 2 2 2 2 2 1 5 0 2 1 2 2 2 1 2 2 2 2 2 2 2 2 2 2 1 2 2 2 2 5 5 5 2 2 2 1 0 2 2 2 2 2 2 5 2 2 2 8 2 1 8 5 2 1 2 1 5 5 2 2 1 11 5 2 2 5 2 5 5 2 5 1 2 2 8 5 5 4 5 2 8 2 2 5 2 2 22 8 1 2 23 4 17 5 2 20 5 92 41 32 8 356 7852 

0 0 0 0 0 0 0 0 0 0 0 0 0 0 0 0 0 0 0 0 0 0 0 0 0 0 0 0 0 0 0 0 0 0 0 0 0 0 0 0 0 0 1 0 0 0 0 0 0 0 0 0 0 0 0 0 0 0 0 0 0 0 0 0 0 0 1 0 1 0 0 0 0 0 1 0 0 0 1 0 0 0 1 1 0 0 0 0 1 0 0 0 0 0 0 0 0 0 0 2 0 0 0 0 0 0 1 0 0 1 0 1 0 0 0 0 1 2 0 1 0 0 1 0 2 1 0 1 1 1 1 1 1 1 1 1 0 1 0 1 1 0 1 0 2 0 1 0 1 0 1 1 0 1 1 1 0 0 0 1 1 1 1 0 1 0 0 1 1 1 1 2 1 1 1 0 1 2 1 1 1 1 1 0 1 1 0 1 2 1 1 2 1 1 1 2 1 1 1 0 1 1 1 2 0 1 1 1 1 1 1 1 1 1 2 2 2 1 1 1 1 2 2 1 0 1 1 1 1 1 1 1 1 4 1 1 1 1 2 1 1 1 1 1 1 1 0 2 2 2 1 2 2 2 2 1 1 2 2 2 2 2 2 2 1 1 1 2 2 2 5 2 2 5 2 2 2 2 2 5 2 1 2 1 1 1 2 2 1 1 2 2 2 2 1 2 2 2 2 2 2 2 2 2 2 2 2 2 2 2 3 2 5 2 2 2 2 2 2 2 0 2 2 2 1 2 2 2 2 2 2 2 2 2 2 2 2 2 2 2 2 2 2 5 2 2 1 2 2 2 2 2 2 5 5 2 1 2 2 5 2 5 2 1 2 8 5 2 2 1 7 2 2 2 5 2 8 2 2 17 2 17 8 8 5 5 2 8 5 8 11 11 11 5 26 155 8326 

0 0 0 0 0 0 0 0 0 0 0 0 0 0 0 0 0 0 0 0 0 0 0 0 0 0 0 0 0 0 0 0 0 0 0 0 0 0 0 0 1 0 1 0 0 0 0 0 0 0 0 0 0 0 0 0 0 0 0 0 0 0 0 0 0 0 0 0 0 2 1 2 0 0 0 0 0 0 0 1 1 0 1 1 0 1 0 0 0 0 1 1 1 0 0 0 0 1 1 0 0 0 0 0 1 0 0 0 0 1 0 0 1 0 0 0 1 0 1 0 0 0 1 1 1 1 0 0 0 0 0 0 0 1 1 0 0 0 0 0 1 0 1 0 1 1 1 2 1 0 1 1 1 0 1 1 0 1 1 1 2 0 0 1 1 0 0 1 0 1 1 0 1 1 0 1 1 1 1 1 1 2 1 1 1 1 1 1 1 0 1 1 1 0 1 1 1 1 1 2 1 2 5 1 0 2 1 1 1 1 2 2 1 1 1 2 1 2 1 1 2 2 2 1 1 1 1 0 1 1 1 1 1 1 1 0 1 1 1 1 2 1 1 2 4 2 1 1 2 1 2 2 2 0 2 1 2 2 2 1 2 1 2 1 1 2 1 2 1 1 2 1 2 2 1 1 2 2 2 2 2 2 1 2 2 2 2 2 2 2 2 2 1 2 2 1 2 2 2 2 5 2 5 2 1 2 2 2 2 2 2 1 1 2 2 2 2 2 2 2 1 1 2 2 2 2 2 5 2 2 2 2 2 2 5 2 2 2 2 2 2 11 2 1 2 2 5 5 2 2 2 2 5 2 5 2 5 2 2 2 11 4 8 2 11 2 5 2 5 2 5 5 8 14 8 5 2 2 2 8 2 2 5 2 20 29 20 2 2 38 14 17 41 2 74 20 7305 

0 0 0 0 0 0 0 0 0 0 0 0 0 0 0 0 0 0 0 0 0 0 0 0 0 0 0 0 0 0 0 0 0 0 0 0 0 0 0 0 0 0 0 0 0 0 0 0 0 0 1 0 0 0 0 0 0 1 0 0 0 0 1 0 0 0 0 0 0 0 0 0 1 2 0 0 0 0 1 0 1 0 0 0 0 0 0 0 0 0 0 0 0 1 1 0 0 0 0 1 1 0 1 0 1 0 0 0 1 0 0 0 0 1 0 0 0 0 0 0 0 0 0 0 1 1 0 1 1 1 0 1 0 1 2 1 1 0 2 1 1 1 1 1 0 0 0 1 1 1 0 1 0 2 1 1 1 1 1 1 1 2 1 1 1 1 1 1 1 0 0 1 1 1 0 1 2 1 1 0 0 1 1 1 1 1 1 1 1 0 1 1 1 1 0 1 1 1 2 1 1 1 0 1 1 1 1 1 1 1 1 1 1 1 2 1 1 2 2 1 2 2 1 1 1 1 1 1 0 1 1 1 2 1 2 2 0 1 2 1 2 1 1 1 1 2 1 2 1 0 1 2 2 2 2 1 1 2 2 0 1 2 2 1 0 1 1 2 1 2 2 2 4 2 1 2 1 2 2 2 2 5 2 0 2 2 2 2 2 1 2 2 1 2 1 2 2 2 2 2 2 2 2 2 1 2 2 2 2 2 2 2 2 2 2 2 2 2 2 2 2 1 2 5 2 2 2 2 2 1 2 2 2 2 5 2 2 1 2 2 2 2 8 2 2 2 8 5 2 2 5 5 5 2 2 2 2 2 2 2 8 2 5 8 2 2 11 2 2 2 14 5 8 2 5 8 5 8 5 2 5 2 5 11 2 20 2 5 8 23 8 20 11 2 23 149 7250 

0 0 0 0 0 0 0 0 0 0 0 0 0 0 0 0 0 0 0 0 0 0 0 1 0 0 0 0 1 0 0 0 0 0 0 1 0 0 0 0 0 0 0 0 0 0 0 0 0 0 0 0 0 0 0 0 0 0 0 0 0 0 0 0 0 0 0 0 0 0 0 0 0 0 0 0 0 1 0 0 0 0 0 0 0 0 1 0 0 0 0 2 0 0 0 0 0 0 1 0 0 0 0 0 0 0 1 0 0 0 0 0 0 0 2 1 1 0 0 0 0 1 0 0 0 0 0 1 1 0 1 1 1 1 1 1 1 1 1 0 1 0 0 1 1 0 1 1 2 1 1 1 1 0 0 1 1 1 0 0 1 1 1 0 2 1 1 0 2 1 1 1 1 1 1 1 2 1 1 1 1 1 2 2 1 1 1 1 1 1 2 1 2 1 1 1 2 1 1 1 2 2 0 1 2 1 2 2 1 1 1 1 1 1 0 2 2 1 1 1 1 2 1 0 2 1 0 1 1 1 1 2 1 1 1 1 2 1 1 2 2 2 2 1 2 2 1 2 1 1 2 2 2 2 1 1 2 2 5 1 1 2 1 2 2 1 2 2 1 2 1 2 2 1 2 1 2 2 1 1 1 2 2 1 1 1 2 1 2 2 2 2 0 2 5 2 2 1 2 2 2 2 2 2 2 2 2 2 1 2 2 4 2 2 2 2 2 2 2 2 2 7 1 2 0 2 2 1 2 2 2 2 2 2 2 2 2 1 2 2 2 8 11 2 4 2 2 2 5 8 2 5 2 2 11 2 2 2 5 2 8 23 5 2 1 2 11 2 8 2 2 2 2 8 5 2 5 2 4 4 7 8 5 2 14 20 38 20 14 47 17 53 56 98 113 230 4815 

0 0 0 0 0 0 0 0 0 1 0 0 0 0 0 0 0 0 0 0 0 0 0 0 0 0 0 0 0 0 0 0 0 0 0 0 0 0 0 0 0 0 0 1 0 0 0 0 0 0 0 0 0 0 0 0 1 0 0 0 1 0 0 0 0 0 0 0 0 0 0 0 0 0 0 0 0 0 0 0 0 0 0 0 0 0 0 0 0 0 0 0 0 0 0 0 0 0 1 0 0 0 0 0 0 1 1 1 1 0 1 1 0 0 0 0 1 1 1 0 1 1 0 0 1 1 0 1 1 0 1 0 1 0 0 0 1 0 1 1 1 1 1 1 1 1 1 1 1 0 0 1 0 1 0 1 1 1 1 1 1 0 1 1 1 1 0 1 1 1 1 0 0 1 1 1 1 0 1 1 1 1 1 0 1 1 1 1 1 1 0 1 1 0 1 1 0 1 1 2 0 1 2 2 1 1 1 2 1 1 2 1 2 2 2 2 1 1 1 2 1 1 1 1 1 1 2 1 2 1 2 1 1 1 2 2 2 2 1 2 2 2 1 2 1 1 1 1 2 1 2 2 1 1 1 2 1 1 2 2 2 2 0 2 2 2 2 2 1 2 2 2 1 2 2 2 1 2 2 1 2 2 2 2 2 2 2 2 8 2 2 2 5 2 2 5 2 4 2 2 2 1 1 2 2 2 2 2 2 1 2 4 5 2 2 2 2 5 2 2 5 1 2 2 5 2 2 2 5 2 3 2 2 0 2 2 2 1 1 2 2 5 5 8 1 5 5 8 2 7 1 11 2 2 2 2 2 2 2 5 2 5 5 2 2 11 2 2 2 2 14 2 2 8 14 5 2 26 2 17 2 8 5 11 17 29 23 2 29 13 2 92 83 98 77 98 5197 

0 0 0 0 0 0 0 0 0 0 0 0 0 0 0 0 0 0 0 0 0 0 0 0 0 0 0 0 0 0 0 0 1 0 0 0 0 0 0 0 0 0 1 0 0 0 0 0 0 0 0 0 0 0 0 0 0 0 0 1 0 0 0 0 0 0 0 0 0 1 0 0 0 0 0 0 0 0 0 0 0 0 0 1 0 1 2 0 0 0 1 0 0 0 0 0 0 0 1 0 0 1 1 0 0 1 0 1 0 0 1 1 0 0 2 0 0 0 0 0 0 2 0 1 1 1 0 0 0 1 1 1 0 0 4 0 0 1 0 1 1 1 0 2 1 0 0 1 1 1 0 1 1 1 1 1 0 0 0 1 1 1 1 1 1 1 1 1 1 1 1 1 1 1 1 1 1 1 1 2 1 1 1 0 0 1 1 1 1 1 0 1 2 1 0 2 1 1 1 1 2 2 1 1 1 2 1 1 1 1 1 0 0 4 2 1 1 1 1 1 1 1 1 1 1 1 1 1 1 1 1 1 1 1 1 1 1 2 2 2 2 1 2 2 2 2 2 1 2 2 2 2 0 1 2 0 1 1 2 2 2 2 2 2 1 1 2 1 2 2 1 2 2 2 2 2 2 1 1 2 2 5 2 2 1 0 2 2 2 2 2 2 2 2 2 2 2 2 4 2 2 5 0 2 2 2 2 2 2 2 1 2 2 2 2 2 2 2 2 0 2 2 1 2 1 5 2 2 2 2 2 2 2 2 2 2 2 2 2 5 2 1 2 2 2 2 8 2 2 5 5 2 2 5 2 2 2 8 1 2 2 5 2 2 2 8 5 5 5 5 2 5 5 2 8 17 2 5 2 2 26 2 5 11 10 2 23 5 23 29 29 151 17 100 2 191 5934 

0 0 0 0 0 0 0 0 0 0 0 0 0 0 0 0 0 1 0 0 0 0 0 0 0 0 0 0 0 0 0 0 0 0 0 0 0 0 0 0 0 0 0 1 0 0 0 0 1 0 0 0 1 0 0 0 0 0 0 0 1 1 0 0 0 0 0 0 0 0 0 1 0 0 1 0 0 0 0 0 0 0 0 0 0 0 0 1 0 0 0 0 1 0 0 0 0 0 0 0 0 1 0 0 0 0 0 0 0 1 0 0 0 1 1 0 0 1 0 0 1 0 1 1 0 1 1 0 2 1 1 0 0 0 1 1 0 0 1 0 1 0 1 0 2 0 1 1 1 2 0 1 0 1 1 1 1 1 1 1 1 1 2 1 2 1 0 1 1 1 1 1 1 2 0 1 0 1 0 1 0 1 1 2 1 0 1 1 1 2 1 1 1 2 1 1 1 1 1 1 1 2 2 1 1 2 0 1 1 1 2 2 1 0 1 1 2 2 2 1 1 2 2 1 1 1 1 1 1 1 0 1 1 2 1 1 2 1 1 2 2 1 2 2 2 2 1 1 2 2 1 2 1 2 1 1 2 1 2 2 2 1 1 1 2 1 1 2 1 2 1 2 2 2 2 2 2 4 1 1 2 1 2 2 2 2 2 2 2 2 1 1 2 2 2 1 2 5 2 1 2 2 2 1 2 5 2 2 2 2 2 0 2 1 2 2 2 2 2 2 1 2 1 2 2 5 2 2 1 2 2 2 2 2 2 2 2 0 2 2 5 5 2 2 2 5 7 5 2 2 5 2 1 5 2 5 2 8 5 5 2 5 5 8 8 8 8 2 0 8 5 2 2 17 5 6 8 23 5 5 20 17 2 5 32 14 23 11 2 140 2 8 44 32 11 65 6553 

0 0 0 0 0 0 0 0 0 0 0 0 0 0 0 0 0 0 0 0 0 0 0 0 0 0 0 0 0 0 0 0 0 0 0 0 0 0 0 0 0 0 0 0 0 0 0 0 0 0 0 0 0 0 0 0 0 0 1 0 0 0 0 0 0 0 0 0 0 1 0 1 0 0 0 0 0 0 1 0 0 0 0 1 1 0 0 0 0 0 0 0 0 1 0 0 0 1 1 0 0 0 0 0 0 0 1 1 0 1 0 1 0 0 0 1 0 0 1 1 0 1 0 0 1 0 2 1 1 1 1 0 0 1 0 1 0 1 1 0 1 1 1 1 1 1 1 1 1 1 0 0 1 0 1 1 0 1 1 0 1 1 1 2 1 1 1 1 1 0 2 1 0 3 1 1 1 1 1 1 1 1 1 0 1 1 1 1 1 1 0 1 1 1 1 1 1 0 1 1 1 1 1 1 1 1 1 2 2 1 1 1 2 1 2 1 1 1 1 0 2 1 1 1 2 1 1 2 1 1 0 0 1 1 2 1 1 2 1 2 2 2 2 1 1 1 2 1 2 2 1 2 2 2 2 1 2 1 2 2 2 1 0 2 2 2 1 2 2 2 0 2 2 2 2 2 2 0 2 2 2 1 2 2 2 2 2 2 2 2 2 1 2 2 2 1 1 2 1 2 2 1 2 2 2 2 2 2 2 2 2 2 2 2 2 2 2 2 2 2 2 2 2 1 5 2 2 2 1 2 2 2 2 2 2 2 4 0 2 2 2 5 2 2 2 5 5 5 2 2 2 5 2 2 2 2 2 8 2 2 2 2 2 5 5 0 2 2 2 2 8 2 2 2 2 2 8 2 2 11 8 38 11 4 11 50 11 10 47 20 11 26 56 11 83 2 5040 

0 0 0 0 0 0 0 0 0 0 0 0 0 0 0 0 0 0 0 0 0 0 0 0 0 0 0 0 0 0 0 0 0 0 0 0 0 0 0 0 0 0 0 0 0 0 0 0 0 0 0 0 0 0 0 0 0 0 0 0 1 0 0 0 0 0 0 1 0 0 0 0 0 0 0 0 0 0 0 0 1 0 1 0 0 0 1 1 0 0 0 0 0 0 0 0 0 0 0 0 0 0 1 0 0 1 0 0 0 1 1 0 0 0 0 0 0 1 1 0 0 0 0 0 0 1 1 1 1 0 0 1 1 0 0 1 0 1 1 0 0 1 0 1 1 0 1 1 0 1 1 1 1 1 1 1 1 1 1 1 1 1 2 1 1 1 0 1 0 1 0 1 1 1 0 1 1 1 1 1 1 1 1 1 1 1 1 1 1 0 1 0 1 1 1 1 1 1 1 1 0 1 1 1 1 2 2 2 1 1 1 1 1 2 1 1 1 1 1 1 1 1 2 1 1 1 1 2 1 1 2 1 2 2 2 2 1 1 1 2 1 2 1 2 2 2 2 2 1 2 2 2 2 2 1 2 2 1 2 2 2 0 2 2 1 2 2 1 4 2 2 1 1 1 2 1 2 2 2 2 2 2 2 2 2 2 2 2 2 2 1 2 5 2 2 2 2 2 1 2 2 2 2 2 2 1 2 2 2 2 2 2 2 2 2 1 2 1 2 2 2 2 2 2 5 2 2 2 2 2 2 1 2 2 2 8 2 2 2 2 4 2 2 11 8 17 2 1 2 2 5 5 2 2 5 5 2 2 8 2 2 2 5 8 11 5 2 2 5 20 8 20 26 17 2 2 5 2 2 5 14 5 5 6 2 5 5 20 8 8 47 4 86 40 148 89 6491 

0 0 0 0 0 0 0 0 0 0 0 0 0 0 0 0 0 0 0 0 0 0 0 0 0 0 0 0 0 0 0 0 0 0 0 0 0 0 0 0 0 0 0 0 0 0 0 0 0 0 0 0 0 0 0 0 0 0 0 0 1 0 0 0 0 0 0 1 0 1 0 1 0 0 0 0 0 0 0 0 1 0 0 0 0 0 0 0 0 1 0 0 1 0 0 0 1 0 1 0 0 1 1 1 1 1 0 0 1 1 0 1 0 0 0 0 1 1 1 1 0 0 0 0 0 0 0 0 1 1 0 1 1 0 1 1 0 1 0 2 0 1 1 1 1 1 1 1 1 0 0 2 1 0 1 1 1 1 1 1 0 0 1 1 1 0 1 1 1 1 1 1 1 1 1 1 1 0 1 1 1 1 1 1 1 1 0 0 1 0 2 2 1 1 0 1 1 1 2 1 1 1 1 1 1 1 1 2 1 0 2 2 1 1 1 1 2 1 1 1 1 1 1 1 0 1 2 2 0 2 0 2 2 2 1 2 2 0 2 0 2 2 1 1 2 1 2 2 2 1 0 1 2 2 2 1 2 2 2 1 2 2 2 2 2 5 1 1 1 1 2 1 2 0 1 1 2 2 1 2 2 2 1 2 1 2 1 2 2 2 2 2 2 2 2 2 2 2 2 2 2 2 2 2 2 2 1 2 5 2 2 2 2 2 2 2 2 1 2 2 1 2 2 2 2 2 2 2 0 2 2 2 1 5 2 5 2 2 2 5 8 8 8 2 2 2 2 2 8 5 1 2 2 2 2 2 2 2 5 2 5 2 2 7 2 2 5 5 8 5 5 2 2 11 5 14 11 8 5 29 5 2 17 4 2 2 16 8 11 32 31 26 11 14 17 137 7978 

0 0 0 0 0 0 0 0 0 0 0 0 0 0 0 0 0 0 0 0 0 0 0 0 0 0 0 0 0 0 0 0 0 0 0 0 0 0 0 0 0 0 0 0 0 0 0 1 0 0 0 0 0 0 0 0 0 2 0 0 0 1 1 0 0 0 0 0 1 0 0 0 0 0 0 0 1 0 0 0 0 0 0 0 1 0 0 0 0 1 2 1 0 1 0 1 0 1 0 0 0 0 0 0 0 1 0 0 0 0 0 2 0 1 0 0 0 1 1 0 0 1 0 0 1 0 1 0 0 1 1 0 0 1 0 0 1 0 0 0 1 0 1 1 1 0 0 1 1 0 1 0 1 1 1 1 1 1 1 0 0 2 0 2 1 2 1 1 1 1 1 1 1 1 1 2 1 1 0 1 2 1 1 1 1 1 1 1 1 0 1 2 1 1 1 0 1 1 2 2 2 1 1 0 1 2 2 1 1 1 1 1 1 2 1 1 1 2 1 1 1 1 1 2 1 0 1 1 1 1 2 0 2 1 1 1 1 1 2 1 1 1 1 1 1 2 2 2 2 0 2 1 2 1 2 2 2 1 2 4 2 2 0 2 2 1 2 1 2 2 1 2 2 2 1 2 1 1 1 1 2 1 2 1 2 2 1 2 2 2 2 2 2 2 2 2 2 2 5 2 2 2 2 2 2 2 2 2 2 1 2 2 2 2 2 5 2 2 2 2 2 2 2 2 1 2 2 2 2 2 2 2 2 2 8 2 1 11 7 2 2 5 2 2 2 2 4 2 2 4 2 2 8 5 8 2 10 5 11 2 2 5 8 2 4 14 5 2 2 11 2 2 2 8 5 2 11 10 5 5 38 2 8 35 35 23 2 11 8 59 18 23 68 158 62 53 3411 

0 0 0 0 0 0 0 0 0 0 0 0 0 0 0 0 0 0 1 0 0 0 0 0 0 0 0 0 0 0 0 1 0 0 0 0 0 0 0 0 0 0 0 0 0 0 0 1 0 0 0 0 0 0 0 0 0 1 0 0 0 0 1 0 0 0 0 1 0 0 0 0 0 0 0 0 0 0 0 0 0 0 0 0 0 0 0 0 0 0 0 0 0 1 1 0 0 1 1 1 0 0 0 1 1 1 1 0 0 0 0 0 0 0 0 0 0 0 0 2 2 0 1 0 0 0 0 2 0 0 1 1 1 0 1 1 1 1 1 1 0 1 1 1 1 1 0 1 1 2 1 1 0 1 1 1 1 2 0 1 2 0 0 1 2 1 1 1 0 1 1 2 0 0 1 1 1 1 1 1 1 0 1 1 1 1 1 1 1 0 1 0 2 1 2 2 1 1 0 2 2 1 2 0 0 1 2 2 2 1 1 1 0 1 1 2 0 1 1 1 1 1 1 2 1 1 0 1 1 1 1 1 2 1 2 2 1 1 1 1 1 2 5 2 2 2 1 1 1 1 1 1 1 2 1 2 2 2 4 1 2 2 1 2 2 2 2 1 1 4 2 2 2 2 2 2 2 1 2 2 2 2 4 4 1 0 2 2 2 2 1 2 1 5 2 2 2 1 2 2 5 2 2 2 5 2 5 2 1 2 2 2 2 1 2 2 2 2 8 1 2 0 2 1 2 2 2 2 2 2 2 2 2 2 2 5 2 2 1 2 2 2 2 2 5 2 2 14 2 2 1 4 2 14 2 2 1 5 5 2 5 8 2 1 2 5 2 2 2 2 8 2 11 11 5 8 32 20 2 17 5 2 2 34 17 8 2 29 26 38 11 2 17 23 32 116 5406 

0 0 0 0 0 0 0 0 0 0 0 0 0 0 1 0 0 0 0 1 0 0 0 0 0 1 0 1 1 0 0 0 0 0 0 0 0 0 0 0 0 0 0 0 0 0 0 0 0 0 0 0 0 0 0 0 0 0 0 0 0 1 0 0 0 0 0 0 0 0 0 0 0 1 0 0 0 0 0 0 0 0 0 0 0 0 0 0 1 0 0 0 0 0 0 0 1 1 0 0 0 0 0 0 0 0 1 1 0 1 2 0 1 1 1 0 0 1 1 0 0 0 1 0 0 0 1 1 1 0 1 1 1 1 1 1 1 1 0 0 0 1 1 0 0 0 1 0 1 0 1 0 1 1 1 0 1 0 1 1 1 1 1 0 0 0 1 1 0 1 1 1 1 1 0 1 0 1 1 1 1 1 1 0 1 1 1 1 1 1 1 1 2 2 1 1 1 1 0 0 1 1 1 1 1 1 0 1 1 0 1 2 2 1 1 2 1 1 1 2 1 1 0 1 1 1 2 2 2 2 1 2 2 1 2 2 0 2 2 1 1 1 2 1 2 2 2 1 1 1 2 1 2 2 1 2 1 2 1 2 2 2 2 2 2 2 1 2 2 1 5 1 2 2 2 2 2 2 1 2 2 2 2 2 2 2 5 2 2 2 1 1 1 2 2 0 2 1 1 1 2 2 2 2 2 2 1 2 2 2 4 2 2 2 2 1 2 2 2 2 2 2 5 2 5 2 2 1 8 2 2 2 2 5 1 2 2 2 2 2 2 1 2 2 2 2 2 2 2 2 5 2 5 2 7 1 2 5 2 2 2 11 5 2 11 2 5 5 2 5 5 2 5 8 2 2 8 2 11 26 47 26 5 11 8 17 32 44 5 38 47 23 53 35 107 137 5194 

0 0 0 0 0 0 0 0 0 0 0 0 0 0 0 0 0 0 0 0 0 0 0 0 0 0 0 0 0 0 0 0 0 0 0 0 0 0 0 0 1 0 0 1 0 0 0 0 0 0 1 0 0 0 0 0 0 0 0 0 0 0 0 0 0 0 0 0 0 0 0 0 0 0 0 0 0 0 0 0 0 1 0 0 1 0 0 1 1 0 0 0 0 0 1 0 0 0 0 0 1 1 0 0 1 0 0 0 0 0 0 0 2 2 1 1 0 0 0 0 1 1 0 1 0 0 0 1 1 1 1 1 0 1 1 1 0 1 0 1 1 1 0 1 1 1 1 1 1 0 0 0 0 0 1 1 1 0 1 1 0 1 1 1 2 0 0 1 1 1 1 1 1 1 0 2 1 1 0 2 0 2 1 1 1 0 1 1 1 1 1 2 2 1 1 2 2 1 0 0 1 1 0 2 1 2 1 2 2 1 1 2 1 1 2 1 5 1 0 1 2 1 2 1 2 1 2 2 1 0 2 1 2 1 1 0 1 2 1 1 1 2 2 1 2 1 2 1 1 1 2 2 2 1 2 1 2 2 1 2 2 2 1 2 2 2 1 1 2 2 1 2 1 2 2 2 2 2 5 2 1 1 1 1 2 2 2 1 2 2 2 1 2 2 2 2 1 1 2 2 2 5 2 1 2 2 2 1 2 2 1 1 2 1 2 2 2 2 2 2 4 4 2 2 1 1 2 2 2 2 1 2 1 2 2 2 2 1 5 5 2 2 2 8 1 2 2 5 2 5 2 2 5 5 11 2 8 5 5 8 2 2 5 5 5 2 2 17 8 5 1 2 2 16 2 2 5 5 2 2 8 5 17 2 5 5 20 8 5 23 53 35 2 29 11 95 5243 

0 0 0 0 0 0 0 0 0 0 0 0 0 0 0 0 0 0 0 0 1 0 0 0 0 0 0 0 0 1 0 0 0 0 0 1 0 0 0 0 0 0 0 0 0 0 0 0 0 0 0 0 0 0 0 0 0 0 0 1 1 0 1 0 0 0 0 0 0 0 0 0 0 0 0 0 0 0 0 0 0 0 0 0 0 0 1 0 1 1 0 1 0 1 0 0 0 0 1 1 1 0 0 0 0 0 1 0 1 0 2 1 2 1 0 0 0 0 0 1 0 1 1 0 0 1 1 0 1 0 1 1 1 0 1 1 1 1 1 2 1 0 0 0 0 1 0 1 2 2 0 1 1 0 1 1 1 0 1 0 2 0 0 1 1 1 1 0 2 1 0 1 1 1 1 0 2 1 0 1 1 1 2 1 0 1 1 0 0 1 1 1 1 1 1 1 1 1 1 1 2 1 1 1 1 1 1 1 2 1 0 1 1 1 0 1 1 1 1 0 1 2 1 1 2 1 2 2 1 2 1 1 1 2 2 2 1 1 2 2 1 2 2 2 1 1 1 1 2 0 1 5 2 2 1 2 2 2 0 2 2 1 1 2 1 1 1 1 1 2 1 2 1 2 2 1 2 2 0 2 2 2 2 2 2 2 2 0 2 1 2 2 2 2 2 2 1 1 2 2 2 2 2 2 2 2 2 2 2 1 2 2 5 1 2 2 2 1 1 2 2 2 2 2 2 2 2 2 2 5 2 2 2 2 2 2 5 5 2 2 2 2 2 2 2 2 2 2 2 2 1 5 5 2 2 1 2 2 2 2 2 5 2 5 2 8 11 8 11 5 2 8 2 2 2 2 2 10 0 8 14 8 5 5 8 23 17 26 14 2 5 5 20 26 44 780 4517 

0 0 0 0 0 0 0 0 0 0 0 0 0 0 0 0 0 0 0 0 0 0 0 0 0 0 0 0 0 0 0 0 0 0 0 0 0 0 0 0 0 0 0 0 0 0 0 0 0 0 0 1 0 0 0 0 0 1 0 0 0 0 0 0 0 0 0 0 0 0 0 1 0 0 0 0 0 0 0 0 0 1 0 0 0 0 1 0 1 0 0 1 0 0 0 0 1 0 0 0 0 1 0 1 1 2 1 1 0 0 0 0 0 0 0 0 0 0 0 1 0 0 1 0 0 0 0 1 1 0 1 1 0 0 0 1 1 1 0 1 0 1 1 1 1 1 0 1 1 0 1 1 0 1 1 1 1 1 1 1 2 1 1 1 1 1 0 1 1 1 0 1 2 0 0 1 1 1 2 2 1 0 1 1 0 1 1 0 0 1 2 2 1 1 2 1 1 1 2 2 1 2 1 2 1 1 1 1 0 2 2 1 0 1 1 1 2 1 1 1 2 1 1 2 1 1 0 1 1 1 1 1 1 1 1 2 1 2 1 1 1 0 2 2 2 1 2 2 1 1 1 2 2 1 1 2 2 2 1 1 2 2 1 1 2 2 2 2 2 1 2 2 2 1 1 2 2 1 2 2 2 2 1 2 2 2 2 2 1 2 2 2 1 2 2 2 1 5 1 2 2 2 2 2 1 2 1 2 2 2 2 2 2 1 2 2 2 5 2 2 2 2 2 2 1 4 1 2 2 2 2 1 2 1 2 2 2 2 2 2 5 2 5 2 2 2 2 5 2 2 2 8 5 2 2 2 2 2 4 2 4 5 5 8 20 8 2 2 5 2 2 11 5 8 2 5 11 2 2 8 2 29 11 23 8 20 23 11 5 17 17 26 11 35 80 2 6116 

0 0 0 0 0 0 0 0 0 0 0 0 0 0 0 0 0 0 0 0 0 0 0 0 0 0 0 0 0 0 0 0 0 0 0 0 0 0 0 0 0 0 0 0 0 1 0 0 0 0 1 0 1 0 0 0 0 0 1 2 0 0 0 0 0 1 0 0 0 0 0 0 0 0 0 0 1 0 0 0 0 0 1 0 0 1 1 0 0 0 0 1 0 1 0 0 1 1 1 0 1 1 1 0 0 1 1 0 0 0 0 0 0 0 1 1 0 0 1 0 1 1 1 1 0 1 0 1 1 0 0 1 1 0 1 1 1 0 0 1 1 1 1 1 0 1 1 1 1 0 1 1 0 1 1 1 0 0 1 0 1 0 1 0 0 0 0 1 1 1 1 1 1 1 1 0 0 2 1 1 0 0 1 1 1 0 2 1 0 0 1 1 1 0 1 1 1 1 1 1 1 1 0 1 1 1 1 1 2 1 2 2 1 1 0 2 1 2 1 2 2 1 0 0 1 2 4 0 0 1 1 1 1 2 1 1 2 1 1 1 1 2 2 2 1 2 2 2 2 0 0 2 2 1 2 1 1 2 2 2 2 1 2 1 2 2 2 1 2 2 2 2 2 2 1 2 2 2 2 2 2 1 2 2 2 2 2 2 2 1 2 1 1 2 1 1 2 2 2 2 1 2 2 1 2 2 2 2 2 2 2 5 2 2 4 2 2 2 2 1 5 2 2 1 2 2 2 2 2 2 2 2 2 2 2 8 5 2 1 2 2 2 2 2 2 2 2 2 2 5 2 2 2 2 2 2 5 2 5 5 2 8 2 2 2 5 2 8 2 2 17 2 2 2 5 17 2 8 2 11 14 11 2 1 11 29 17 5 5 5 5 17 11 5 48 29 5708 

0 0 0 0 0 0 0 0 0 0 0 0 0 0 0 0 0 0 0 0 0 0 0 2 0 0 0 0 0 0 0 0 0 0 0 0 0 0 0 0 0 0 0 0 1 0 0 0 0 0 0 0 0 0 0 0 0 0 0 0 0 0 0 0 0 0 0 0 0 0 0 0 0 0 0 0 0 0 0 0 0 0 0 0 0 0 0 1 0 0 1 0 0 0 0 0 0 1 0 0 1 1 0 1 0 1 0 0 1 1 0 0 0 0 1 0 0 1 1 1 0 0 1 0 0 0 1 1 1 1 0 0 1 1 0 1 0 0 1 1 0 1 1 0 0 1 1 0 0 1 1 1 1 0 1 1 0 2 1 0 1 1 1 1 0 1 2 1 0 1 2 0 1 1 2 1 1 0 1 1 0 1 2 1 2 1 1 1 0 1 1 1 1 1 1 2 1 1 0 1 1 1 1 1 1 1 1 1 2 1 1 2 1 1 1 1 1 1 2 1 1 1 2 0 2 2 2 1 1 0 1 2 2 2 2 1 2 1 2 1 1 1 1 1 5 1 1 2 1 2 1 2 2 1 1 2 1 1 1 2 2 2 2 2 2 1 2 2 2 2 2 2 1 1 2 1 2 2 2 2 2 1 2 2 2 2 5 2 2 1 2 1 1 1 1 2 2 2 5 2 2 1 2 2 2 2 2 1 2 2 2 1 2 1 2 5 2 2 2 2 2 2 2 1 2 1 2 2 2 2 2 2 4 2 2 2 2 2 5 2 1 2 2 5 2 2 2 2 2 5 2 2 2 2 2 2 2 2 2 5 5 2 2 5 8 1 8 2 2 14 2 2 2 2 8 2 2 11 2 23 5 8 5 5 11 11 2 17 1 2 11 14 71 35 50 11 6811 

0 0 0 0 0 0 0 0 0 0 0 0 0 0 0 0 0 0 0 0 0 0 0 1 0 0 0 0 0 0 0 0 0 0 0 0 0 0 0 0 0 0 0 0 0 0 0 0 0 0 0 0 1 0 0 0 0 0 0 0 0 0 0 0 0 0 0 0 1 0 0 0 0 0 1 0 0 0 0 0 0 0 1 0 0 0 0 0 0 0 0 0 0 0 1 0 0 0 1 1 0 0 0 0 0 1 1 1 1 0 0 0 0 0 1 0 0 0 0 0 0 0 0 0 1 0 0 0 1 0 0 1 1 0 0 0 1 1 1 1 1 1 1 1 1 1 0 1 1 1 1 1 1 0 0 0 1 1 1 1 1 1 0 0 1 1 1 1 1 1 1 2 1 1 1 1 1 1 0 1 1 1 0 1 1 1 2 1 1 1 1 2 0 1 2 1 1 1 1 1 1 1 1 1 2 1 2 1 1 0 2 1 1 1 1 1 1 1 1 1 1 2 1 2 1 2 1 1 2 1 1 1 1 1 0 1 2 2 2 1 1 2 2 1 2 1 2 2 2 2 2 4 2 2 2 1 1 1 2 1 2 1 2 1 2 2 2 2 5 2 1 1 2 2 2 1 2 2 2 2 2 2 1 5 2 1 1 2 2 2 2 2 2 1 2 2 2 1 2 2 2 2 2 2 2 2 2 2 2 1 5 2 2 2 2 2 2 2 1 2 2 5 2 2 2 2 0 2 2 5 2 2 1 2 2 2 2 5 2 2 2 8 2 8 2 11 2 2 2 2 2 11 2 2 2 2 2 2 8 5 2 8 2 5 2 1 2 6 8 5 5 2 2 2 2 5 2 20 11 11 8 2 17 2 5 2 11 17 2 67 8 2 56 41 47 283 6148 

0 0 0 0 0 0 0 0 0 0 0 0 0 0 0 1 0 0 0 0 0 0 0 0 0 0 0 0 0 1 0 0 0 0 0 0 0 0 0 0 0 0 0 0 0 0 0 0 0 0 0 0 0 0 0 0 1 0 0 0 0 0 0 0 0 0 0 0 0 0 1 0 0 0 0 0 0 1 0 0 1 0 0 0 0 0 0 1 0 1 0 0 0 1 1 0 0 0 1 0 0 0 0 0 0 0 1 0 1 1 0 0 0 1 0 0 0 0 0 1 0 0 0 0 1 1 1 0 0 0 1 2 1 1 0 2 1 1 1 1 0 1 1 0 0 1 1 0 0 1 0 1 2 1 0 0 1 1 1 1 0 1 1 0 1 1 1 1 1 1 1 0 1 2 1 0 1 0 2 0 1 1 1 1 1 1 1 1 1 1 1 1 1 1 1 1 1 1 0 0 2 1 2 0 0 1 1 2 1 2 1 1 1 0 1 1 1 1 2 1 2 1 1 1 1 1 2 1 1 2 1 1 2 2 1 3 1 2 2 1 2 1 1 1 1 2 2 1 1 2 2 1 2 2 4 2 1 1 1 1 2 2 1 1 2 2 2 1 1 2 4 2 2 2 2 2 2 2 2 2 2 2 2 2 1 2 2 2 2 2 2 2 2 2 2 2 2 5 1 2 2 2 2 2 2 2 2 2 2 2 2 2 2 2 1 2 2 2 2 1 2 5 2 2 2 2 2 2 2 2 1 2 2 2 2 1 2 2 2 2 2 5 5 2 4 5 2 2 2 1 2 5 2 1 2 2 2 5 2 5 2 2 8 5 8 14 5 8 8 1 8 2 2 8 2 38 11 1 2 5 5 11 26 14 8 2 23 26 92 2 89 14 16 32 74 230 6168 

0 0 0 0 0 0 0 0 0 0 0 0 0 0 0 0 0 0 0 0 0 0 0 0 0 0 0 0 0 0 0 0 0 0 0 0 0 0 0 0 0 0 0 0 0 0 0 0 0 0 0 0 0 0 0 0 0 0 0 0 1 1 0 1 0 0 0 1 0 0 0 0 0 0 0 0 0 0 0 0 0 0 0 0 0 0 1 0 1 0 0 0 0 0 0 0 0 0 0 1 1 0 1 0 0 1 1 0 1 1 0 0 1 0 1 0 1 0 0 0 0 1 0 0 0 2 0 0 1 0 1 1 0 1 1 2 1 1 1 1 0 0 0 0 1 1 0 0 2 2 1 1 1 1 1 1 1 1 1 1 1 0 1 0 1 1 1 1 1 1 0 2 0 1 0 1 1 1 2 0 0 1 1 1 1 2 2 1 1 2 1 1 1 2 1 1 2 1 1 0 1 2 1 1 1 1 1 2 1 1 1 1 1 1 1 1 1 1 1 1 1 2 2 2 0 1 2 0 1 1 1 1 2 2 1 2 2 1 2 1 1 1 1 2 2 2 1 1 1 2 2 2 1 1 2 1 1 2 2 1 1 2 2 1 2 2 1 1 1 1 1 2 0 2 2 2 2 2 2 2 2 1 2 2 1 2 2 2 2 1 2 1 2 0 2 2 2 1 2 1 2 2 2 2 2 2 2 2 2 2 2 0 4 2 2 2 2 2 2 2 2 5 2 2 1 2 2 2 2 1 2 2 2 2 2 2 1 2 2 2 2 2 2 2 2 2 2 2 2 2 2 2 2 2 2 2 2 5 2 2 5 2 2 2 2 4 2 8 5 2 8 5 2 2 8 2 2 14 2 8 11 5 2 2 26 8 44 26 35 38 11 32 16 62 261 119 3254 

0 0 0 0 0 0 0 0 0 1 0 0 0 0 0 0 0 0 0 0 0 0 0 0 0 0 0 0 0 0 0 0 0 0 0 0 0 0 0 0 0 0 0 0 0 0 0 0 0 0 0 0 0 1 1 0 0 0 0 0 0 0 0 0 0 0 1 0 0 0 0 0 0 0 0 0 0 0 1 0 1 0 0 0 0 0 0 0 0 0 0 0 0 0 1 0 0 0 0 0 0 1 0 1 0 1 0 2 0 1 1 0 0 1 1 0 1 0 0 0 0 1 0 0 0 0 1 1 0 0 1 1 1 0 0 0 0 1 1 0 1 0 0 1 0 1 1 1 1 0 1 1 1 0 1 1 0 1 0 1 1 1 1 1 1 1 1 2 0 1 1 1 2 0 0 1 2 1 1 1 1 1 1 1 1 2 1 1 1 1 0 0 1 1 1 1 2 1 1 1 1 1 1 2 1 1 1 1 1 1 1 1 1 1 2 0 1 1 1 1 1 1 2 1 1 2 1 1 1 1 2 1 2 1 2 2 2 1 2 1 1 1 1 1 2 2 1 1 1 2 1 2 2 2 1 2 1 2 5 1 2 1 2 2 2 2 1 2 5 5 0 2 2 1 2 2 1 2 2 2 2 2 2 5 1 2 2 5 1 1 2 2 2 2 1 2 2 1 2 2 2 2 2 2 0 1 2 2 1 0 5 5 2 1 2 2 2 2 2 8 2 5 2 2 5 2 2 5 5 2 2 2 2 5 2 5 1 2 2 2 5 2 11 14 2 2 2 5 2 8 2 11 2 2 2 2 2 2 2 5 2 2 5 2 5 11 2 2 5 5 2 2 5 14 5 8 11 11 5 8 11 8 14 44 5 22 2 23 20 20 2 14 35 14 155 353 2802 

0 0 0 0 0 0 0 0 0 0 0 0 0 0 1 0 0 0 0 1 0 0 0 0 0 0 0 0 0 0 0 0 0 0 0 0 0 0 1 0 0 0 0 0 0 0 0 0 1 1 0 0 0 0 0 0 0 0 0 0 0 0 0 0 1 0 0 1 0 0 0 1 0 0 0 0 0 0 0 0 0 1 0 1 0 0 1 0 0 1 0 1 0 0 0 0 0 1 0 0 1 1 0 0 0 0 0 0 0 0 0 0 0 0 0 0 1 0 0 0 1 0 1 2 0 1 1 1 0 0 1 1 1 0 0 0 1 1 1 0 1 1 0 0 1 0 2 1 1 0 1 1 0 1 1 0 1 1 1 0 1 0 0 1 1 1 1 2 1 1 0 1 1 2 1 1 1 1 0 2 1 1 2 0 2 1 1 1 2 1 0 2 2 0 1 2 1 1 1 1 1 1 1 1 1 1 0 1 2 0 2 1 1 1 1 1 1 1 2 1 0 2 1 2 1 1 2 1 2 1 1 1 1 2 2 2 1 2 2 1 2 2 1 1 2 1 1 0 1 2 1 1 2 1 1 2 1 2 2 2 2 1 2 1 2 1 2 2 2 1 2 2 1 2 2 2 1 1 2 1 2 2 2 2 2 2 2 2 2 2 0 2 2 2 5 2 2 1 5 2 2 2 2 4 2 5 2 8 2 5 5 2 1 2 2 5 3 2 1 2 2 1 2 2 2 2 2 2 2 4 2 2 1 2 8 2 2 5 2 2 2 1 2 8 2 2 2 1 5 2 2 4 2 2 5 2 5 2 1 2 2 17 8 5 11 8 5 2 2 14 2 5 2 17 18 11 5 7 14 8 8 2 2 32 5 26 20 2 2 20 2 41 5 23 94 350 2956 

0 0 0 0 0 0 0 0 0 0 0 0 0 0 0 1 0 1 0 0 0 0 0 0 0 0 0 0 0 0 0 0 0 0 0 0 0 0 0 0 0 0 0 0 0 0 0 0 0 1 0 0 0 0 0 0 0 0 0 0 0 0 0 0 0 1 1 0 0 0 0 0 0 0 0 1 0 0 0 0 0 1 1 0 0 0 0 0 0 0 0 0 0 0 1 2 1 0 0 1 0 1 0 0 0 2 0 1 1 1 0 0 0 0 1 0 1 0 0 0 0 0 1 0 1 0 1 0 0 0 0 1 0 1 1 1 0 0 1 0 1 0 1 0 1 1 0 1 1 0 0 1 0 0 0 1 1 1 0 1 1 1 1 0 1 1 1 1 1 0 1 1 0 1 1 0 1 1 0 1 1 0 1 0 0 1 1 1 1 2 1 2 0 1 1 1 2 1 1 1 2 1 1 1 1 1 1 1 1 1 1 1 2 2 1 1 1 1 2 1 1 1 1 1 2 1 1 1 2 1 2 2 2 1 1 1 1 1 2 2 2 1 1 1 2 1 1 1 2 2 1 1 2 2 1 5 2 1 2 1 2 2 2 2 2 2 2 1 2 0 2 2 1 2 1 2 2 5 1 1 2 2 2 2 1 2 2 2 2 2 2 2 2 1 2 2 2 2 2 2 2 2 2 2 5 5 2 2 2 2 1 2 2 1 1 2 5 2 2 2 2 2 2 2 2 2 2 5 5 2 2 2 8 2 2 1 2 5 4 5 2 2 1 2 2 5 2 5 2 2 2 2 2 2 2 5 2 2 2 8 2 8 2 2 2 2 2 14 2 5 23 2 8 10 2 20 8 11 44 8 8 5 11 11 2 5 8 17 11 5 4 38 4 20 41 89 3462 

0 0 0 0 0 0 0 0 1 0 0 0 0 0 0 0 0 0 0 0 0 0 0 0 0 0 0 0 0 0 0 0 0 1 0 0 0 1 0 0 0 0 1 0 0 1 0 0 0 0 0 0 0 0 0 0 0 0 0 0 0 0 1 0 1 0 0 0 0 0 0 0 0 0 0 0 0 1 1 0 0 0 0 0 0 0 0 1 0 1 0 1 0 0 0 0 0 0 0 0 1 0 1 0 0 1 1 0 0 1 1 0 0 1 1 1 0 1 1 0 1 0 1 0 1 0 1 1 0 0 0 1 0 1 2 0 0 1 1 0 0 1 0 0 1 0 1 0 0 1 2 1 1 0 1 1 2 1 1 1 0 0 1 1 1 0 1 1 1 1 0 1 1 1 0 2 0 1 1 0 2 1 1 0 1 1 1 1 1 0 1 0 1 2 0 2 1 1 1 2 1 0 1 1 1 1 1 2 1 1 1 1 0 1 1 2 1 2 2 1 1 1 1 1 1 2 1 1 2 0 1 1 1 1 1 1 1 1 2 0 1 1 1 1 2 2 1 2 1 2 1 1 2 2 2 1 1 2 1 1 1 2 2 2 2 2 1 1 0 2 2 2 2 2 1 1 1 2 2 2 2 1 2 1 2 2 2 2 1 2 2 2 2 2 2 5 2 2 2 1 2 2 2 2 2 5 2 2 2 2 2 5 2 2 2 2 1 2 5 2 2 5 2 2 2 0 2 2 1 2 2 2 2 2 5 8 2 2 2 2 2 2 2 2 2 2 2 5 2 8 2 8 2 2 5 5 2 5 2 5 2 2 2 2 8 2 5 2 14 2 5 2 2 2 14 2 2 2 23 11 2 2 11 5 20 2 8 26 14 17 8 29 36 68 50 236 3765 

0 0 0 0 0 0 0 1 0 0 0 0 0 0 0 0 0 0 0 0 0 0 0 0 0 0 0 0 0 0 0 0 0 0 0 0 0 0 0 0 0 0 0 0 0 0 0 0 0 0 0 0 0 0 0 0 0 0 0 1 1 0 0 0 0 0 0 0 0 0 0 0 0 0 0 0 1 0 0 0 0 1 1 0 1 1 0 0 0 0 0 0 0 1 0 1 1 0 0 1 0 0 1 1 1 0 0 1 0 0 1 1 0 1 1 1 0 0 0 0 0 0 1 0 1 0 0 1 0 0 0 0 0 1 1 2 0 1 1 0 0 1 0 0 1 0 0 0 0 1 1 1 1 1 1 0 1 1 0 0 1 1 1 1 1 1 0 1 1 1 2 1 1 0 1 0 1 1 0 1 0 1 1 1 0 1 1 2 1 1 1 1 1 1 1 1 1 2 1 1 1 1 1 1 2 1 1 1 1 1 2 1 1 1 1 1 2 2 1 1 1 1 2 0 1 1 1 2 2 2 2 2 2 2 1 1 0 2 2 1 2 2 2 1 2 2 1 2 0 2 1 1 2 2 1 2 2 5 2 2 2 2 1 1 1 1 2 2 1 2 1 0 2 2 2 2 2 2 2 1 2 1 5 2 2 2 2 2 1 1 2 2 1 2 2 4 2 2 2 2 2 2 1 1 2 5 2 2 2 2 2 2 2 5 2 2 2 5 2 2 1 2 2 2 1 2 2 2 2 2 2 5 2 2 1 2 2 2 0 1 2 2 2 2 2 2 2 2 5 2 8 13 2 8 11 5 2 2 1 2 5 2 20 8 2 8 2 17 8 2 5 2 8 2 2 1 8 14 4 2 35 11 5 5 5 8 20 32 23 14 14 35 5 38 14 374 3215 
0 0 0 0 0 0 0 0 0 0 0 0 0 0 0 0 0 0 0 0 0 0 0 0 0 0 1 0 0 0 1 0 0 0 0 0 0 0 0 0 0 0 0 0 0 0 0 0 0 0 0 0 0 0 0 0 0 0 0 0 0 1 0 0 0 0 0 0 0 1 0 0 0 0 0 0 0 1 0 1 0 0 0 0 0 0 0 1 0 0 0 0 0 1 0 0 0 1 1 0 1 0 0 0 0 0 0 0 0 0 0 0 0 0 1 0 1 1 1 0 1 0 1 1 1 0 1 1 1 1 1 1 1 1 1 1 2 0 2 0 1 1 2 0 1 0 1 0 1 1 0 0 1 0 1 1 0 1 1 0 2 1 1 1 0 0 0 0 1 1 0 1 1 1 0 1 2 1 0 1 0 1 0 1 1 1 2 0 2 1 1 1 1 1 1 1 2 1 2 2 1 1 1 1 1 0 1 2 2 1 2 2 1 1 1 1 2 1 1 1 1 1 1 2 2 0 1 2 1 1 2 1 2 2 0 2 2 1 1 1 2 1 1 1 2 2 2 1 2 1 2 1 1 1 0 1 2 2 1 1 2 2 2 2 1 1 2 2 1 2 1 2 2 2 2 1 2 1 2 2 2 2 2 2 2 1 5 2 1 2 2 2 2 2 2 2 1 2 1 2 2 2 2 2 2 5 2 2 1 2 5 2 2 2 2 2 2 1 2 2 2 1 2 8 4 2 2 2 2 2 5 2 1 2 1 2 5 2 2 7 2 2 8 2 2 5 5 5 2 2 2 5 4 2 5 2 2 2 8 4 2 2 2 5 2 2 5 1 8 2 2 14 20 5 5 2 8 5 5 2 0 2 11 17 1 5 2 2 14 20 17 14 8 2 73 257 2947 
0 0 0 0 0 0 0 0 0 0 0 0 0 0 0 0 0 0 0 0 0 0 0 0 0 0 0 1 0 0 0 0 0 0 0 0 0 0 0 0 0 0 1 0 0 0 0 0 1 1 0 0 0 0 1 0 0 0 0 0 0 0 0 0 0 0 0 0 0 0 0 0 0 0 0 0 0 0 0 1 0 0 0 0 0 0 0 0 0 0 1 0 2 1 0 0 0 0 0 0 1 1 0 0 0 1 0 0 0 0 1 1 0 1 0 0 1 1 1 0 0 1 0 0 0 0 1 1 0 0 0 0 0 1 0 1 0 2 0 1 0 0 1 2 0 0 1 0 0 1 1 0 0 1 1 1 1 1 0 1 1 1 1 1 1 1 1 1 1 0 1 1 1 2 2 1 0 1 2 1 0 2 1 1 1 1 1 2 1 1 0 1 1 1 1 1 4 0 1 1 1 1 1 2 0 1 1 1 1 1 1 0 1 2 1 2 2 2 1 1 2 1 2 2 2 1 2 1 1 2 1 2 2 1 2 0 1 2 1 2 1 2 1 1 2 1 2 1 1 1 1 1 1 1 2 1 1 1 2 2 2 2 1 2 1 1 1 2 2 2 1 1 2 1 2 2 5 2 2 2 2 2 2 2 2 2 1 1 2 2 2 2 2 1 2 2 2 2 2 2 1 2 2 2 2 2 2 2 2 1 2 2 2 2 2 2 2 2 2 1 2 2 5 2 2 2 1 1 2 2 2 2 2 2 1 2 2 2 2 2 5 2 2 2 2 2 1 2 1 2 2 5 2 2 2 2 2 2 1 2 2 5 5 2 2 2 2 2 2 5 2 8 2 2 2 20 2 5 14 8 8 11 7 5 2 8 11 5 8 8 5 26 20 2 499 28 3098 
0 0 0 0 0 0 0 0 0 0 0 0 0 0 0 0 0 0 0 0 0 0 0 0 0 0 0 0 0 0 0 0 0 0 0 0 0 0 0 0 0 0 0 0 0 0 0 0 0 0 1 0 0 1 0 0 0 0 0 1 0 0 0 0 0 0 0 0 0 0 0 0 0 0 0 1 0 1 0 0 0 0 1 1 0 0 0 0 0 0 0 1 0 0 0 0 1 0 0 0 1 0 0 0 0 0 0 0 0 0 0 0 0 0 1 0 1 1 1 1 0 0 1 1 2 1 0 1 1 0 1 1 1 0 1 0 0 0 1 0 0 0 1 0 0 0 1 1 1 0 0 1 0 2 1 1 1 1 1 1 1 1 2 1 1 1 0 0 1 0 1 1 0 1 0 1 1 1 0 1 1 1 1 1 1 1 1 1 1 1 1 1 1 1 0 1 1 0 1 1 1 1 1 1 1 1 2 1 1 1 0 1 0 1 1 1 2 2 1 2 1 1 1 1 1 2 1 1 1 1 2 2 1 2 1 1 1 2 2 2 1 2 1 2 2 2 2 1 2 1 1 2 2 2 1 2 2 1 1 1 2 2 2 2 2 2 2 2 2 2 2 2 2 1 1 2 1 1 2 2 2 2 2 1 2 2 2 2 2 2 2 2 2 2 2 2 1 2 2 2 1 2 2 2 2 2 2 2 2 2 2 2 4 2 5 11 1 2 2 2 2 1 2 2 2 2 2 2 2 2 2 4 2 2 1 2 2 2 2 1 2 2 2 1 5 2 2 2 1 2 5 5 2 2 2 7 2 2 11 2 2 2 2 8 2 2 5 2 8 11 14 2 2 8 17 20 17 23 2 17 2 2 5 20 14 5 2 47 5 23 53 14 14 14 16 104 3539 
0 0 0 0 0 0 0 0 0 1 0 0 0 0 0 0 0 0 0 0 0 0 0 0 0 0 0 0 0 0 0 1 1 0 1 0 0 0 0 0 0 1 0 0 0 0 0 0 0 0 0 0 1 0 0 0 1 0 0 0 0 0 2 0 0 0 2 1 0 0 1 0 1 1 0 0 0 1 0 0 1 0 0 0 0 0 0 0 0 0 0 0 0 1 2 0 0 0 1 0 0 1 0 1 0 0 0 0 0 1 0 1 0 0 0 0 1 0 0 0 0 1 0 0 1 1 0 0 1 0 1 0 1 0 1 0 0 1 0 1 0 1 1 0 1 1 1 1 1 0 1 1 0 1 2 1 0 1 1 1 0 1 1 0 0 1 1 1 1 0 1 2 1 1 1 0 0 1 0 1 1 1 1 1 1 1 2 1 1 1 1 0 1 0 0 1 1 1 1 1 1 1 2 0 1 0 1 1 1 0 2 2 2 1 2 0 1 2 1 1 1 2 1 1 2 1 2 2 1 2 0 2 2 1 2 1 1 1 2 1 2 0 2 1 1 2 1 1 1 2 1 2 2 1 2 2 2 2 2 2 2 1 1 1 2 1 1 2 2 1 2 2 2 2 2 2 2 2 2 2 1 2 2 0 2 2 1 1 2 2 2 2 1 1 1 2 0 2 2 2 2 2 0 2 2 2 2 2 2 2 1 2 2 2 2 8 1 2 2 2 2 2 7 2 2 2 2 1 5 1 1 11 5 2 2 5 2 2 5 5 8 5 2 2 2 5 2 8 5 2 2 2 2 2 2 8 2 2 8 2 7 2 5 2 5 2 8 2 2 2 2 2 2 5 5 29 2 5 14 1 8 2 23 8 7 5 8 11 2 65 65 4 26 137 110 128 3437 
0 0 0 0 0 0 0 0 0 0 0 0 0 0 0 0 0 0 0 0 0 0 1 0 0 0 0 0 0 0 0 0 0 0 0 0 1 0 0 0 0 0 0 0 0 0 0 0 0 0 0 0 0 0 1 0 0 0 1 0 1 0 0 0 0 2 0 0 2 0 0 0 1 0 0 0 0 0 0 0 1 0 0 0 0 0 0 0 0 0 0 0 1 0 1 1 0 0 0 0 1 0 1 0 0 0 1 1 0 0 0 0 0 0 0 0 1 1 0 1 1 1 0 0 1 1 1 1 1 1 1 0 1 0 0 1 1 1 1 1 0 1 1 0 1 1 1 0 0 0 1 0 0 0 1 0 0 0 0 1 1 0 1 1 2 2 1 0 1 1 0 1 2 0 0 1 1 1 2 1 1 2 1 0 2 1 1 1 1 0 1 1 1 1 1 1 1 2 1 1 1 1 1 1 1 1 0 1 1 1 1 2 2 0 1 0 1 1 1 1 2 1 1 1 0 1 2 1 2 2 0 2 1 2 1 2 2 1 1 0 1 1 2 2 1 0 2 1 1 1 1 1 2 2 2 2 1 2 1 1 2 1 1 2 2 2 1 2 1 1 2 2 1 1 2 1 2 2 1 5 1 2 2 2 2 1 2 2 2 2 2 1 2 2 1 1 2 2 2 1 2 2 2 2 2 2 2 2 2 2 2 2 2 5 2 2 2 2 2 2 5 2 2 2 2 2 2 2 2 7 2 2 2 2 2 2 2 2 2 2 1 2 2 2 2 2 2 2 1 2 11 11 2 5 5 2 5 5 2 8 8 2 5 8 4 5 11 5 8 5 2 5 2 2 8 14 5 14 2 5 11 2 2 2 20 2 5 8 23 8 14 11 68 104 14 68 3435 
0 0 0 0 0 0 0 0 0 0 0 0 0 0 0 0 0 0 0 0 0 0 0 0 0 0 0 0 0 0 0 0 0 0 0 0 1 0 0 0 1 0 0 0 1 0 0 0 0 0 0 0 0 0 0 0 0 0 0 0 0 0 0 0 0 0 1 0 0 0 0 0 0 0 0 0 0 0 0 0 0 0 0 1 1 0 0 0 1 0 0 1 0 0 0 0 0 1 1 1 0 0 0 0 0 1 0 0 0 1 0 0 0 0 0 0 0 0 0 0 0 1 0 0 0 0 1 1 1 0 0 0 0 1 1 1 1 1 1 1 0 1 1 1 0 1 1 1 1 1 1 1 2 0 0 0 0 2 2 1 0 0 1 0 1 0 1 1 1 1 1 1 1 1 1 1 1 1 1 1 1 1 1 1 1 2 1 1 1 1 2 1 1 1 1 1 2 1 1 2 1 1 1 2 1 1 1 1 2 1 0 0 1 1 1 1 1 2 1 1 1 1 1 2 1 1 1 1 2 2 2 1 1 1 2 2 0 2 2 1 2 1 2 2 1 2 0 1 0 1 1 0 2 1 2 2 2 2 1 1 2 2 2 2 5 1 1 2 2 1 2 1 2 1 1 2 2 2 2 1 1 2 1 2 2 1 2 4 2 2 1 2 5 5 2 2 2 2 2 2 5 2 2 5 2 4 2 2 2 2 2 2 2 2 2 2 5 1 2 1 2 2 2 2 2 2 2 2 2 5 2 2 2 2 2 2 2 2 2 2 2 2 2 2 2 5 2 5 2 1 1 2 2 2 5 8 8 2 2 8 2 2 5 8 10 2 2 5 1 5 2 8 2 14 11 5 2 8 2 20 2 17 2 2 5 14 2 11 14 11 14 23 17 44 227 128 2813 
0 0 0 0 0 0 0 0 0 0 0 0 0 0 0 0 0 0 0 0 0 0 0 0 0 0 0 0 0 0 0 0 0 0 0 0 0 0 0 0 0 0 0 1 0 0 0 0 0 0 0 0 0 0 0 0 0 0 0 0 0 0 0 0 0 0 0 0 0 0 0 0 0 1 0 0 0 1 0 0 0 0 0 0 0 0 0 1 0 1 0 0 1 1 0 0 1 0 1 0 0 1 0 0 0 0 0 0 1 0 0 1 0 0 1 0 1 0 1 1 1 0 1 0 0 2 0 0 0 1 0 1 1 1 0 1 2 0 1 1 0 1 0 1 0 1 1 0 1 2 1 0 1 1 0 1 0 1 0 1 1 1 0 1 1 1 1 1 1 1 1 0 1 0 1 1 1 1 1 1 1 2 2 0 1 2 1 2 2 1 2 1 1 0 1 2 1 1 1 2 1 1 1 1 1 2 1 0 1 0 1 1 2 1 1 2 1 1 1 1 0 1 0 2 1 1 1 1 2 2 1 1 2 1 2 0 2 1 2 2 1 1 2 2 0 1 1 1 1 1 2 2 2 1 2 1 2 1 2 2 2 2 1 1 1 2 1 2 2 4 2 1 2 2 1 2 2 2 2 2 2 1 2 2 2 1 1 1 2 1 2 1 1 2 2 2 2 2 2 2 2 2 2 2 2 1 2 2 2 2 1 2 1 2 2 2 2 2 2 2 2 5 1 2 2 2 2 2 2 2 2 1 2 2 5 8 1 5 2 1 2 2 2 5 2 5 5 14 2 2 1 2 2 2 2 2 5 5 2 5 2 2 5 2 2 2 8 32 5 2 17 2 2 8 8 8 5 32 11 17 8 11 5 5 5 14 74 41 20 32 8 35 23 23 217 257 2841 
0 0 0 0 0 0 1 0 0 0 0 0 0 0 0 0 0 0 0 0 0 1 0 0 0 0 0 0 0 0 0 0 0 0 0 0 0 0 0 0 0 0 0 0 0 0 0 0 0 0 0 0 0 1 0 0 0 0 0 0 0 0 1 0 0 0 0 0 0 1 0 0 0 0 0 0 0 0 0 0 1 0 1 0 0 0 0 0 0 0 0 0 0 0 0 0 0 2 0 1 0 0 1 1 1 0 0 0 1 1 0 0 0 0 0 0 1 0 1 1 1 1 0 1 1 1 0 0 0 1 1 1 1 1 0 1 0 1 0 1 1 0 1 0 1 1 0 1 1 1 1 1 1 1 0 2 1 0 1 1 1 1 1 1 1 0 1 2 1 0 0 2 1 1 1 1 1 1 1 1 0 0 1 0 0 1 2 0 0 0 1 1 1 2 2 1 0 1 2 1 1 2 1 1 0 1 1 1 1 0 2 1 2 1 0 1 1 1 1 1 1 2 1 1 1 1 2 2 1 2 1 0 2 0 1 0 1 1 2 2 1 2 5 1 1 2 1 1 1 1 2 1 1 1 1 2 2 5 2 1 2 2 1 2 2 2 2 2 1 2 2 2 2 2 2 2 2 2 2 2 2 2 1 5 2 1 5 2 2 2 1 2 2 2 2 2 2 2 2 5 2 2 2 2 2 2 2 1 1 8 2 2 7 2 1 2 2 2 5 2 2 2 2 2 2 2 2 2 2 2 2 2 1 2 2 8 11 2 2 2 2 2 5 2 2 2 2 4 4 2 11 5 2 5 2 5 2 2 2 2 5 2 2 5 8 2 2 5 2 2 5 11 2 11 11 16 8 8 13 5 10 14 5 32 38 14 25 5 4 32 43 5 14 17 158 5 3486 
0 0 0 0 0 0 0 0 0 0 0 0 0 0 0 0 0 0 0 0 1 0 0 1 0 0 0 0 0 0 0 0 0 0 0 0 0 0 0 0 0 0 0 0 0 0 0 0 0 0 0 0 0 1 0 0 0 0 0 0 0 0 0 0 0 0 0 0 0 0 0 0 0 0 0 0 1 0 0 0 1 0 1 0 0 0 0 0 0 0 2 0 1 0 0 0 1 1 0 0 1 1 0 0 0 1 0 0 0 1 0 1 1 1 1 1 0 0 0 1 2 0 1 1 1 0 0 1 1 0 1 1 1 1 0 0 1 1 1 0 0 1 1 1 1 1 0 0 1 1 0 1 0 1 0 0 0 0 0 2 0 0 1 1 1 1 1 1 0 0 0 0 1 1 2 1 0 1 1 2 1 1 2 1 1 1 1 1 2 1 1 1 0 0 1 2 0 1 1 1 0 1 1 0 1 1 1 2 1 1 0 1 1 1 2 1 2 1 1 1 1 0 1 1 1 1 1 2 1 1 2 1 2 2 1 1 2 1 2 1 1 1 1 2 2 2 1 2 2 1 1 2 2 2 1 1 1 0 2 2 1 2 2 2 2 2 1 2 1 1 2 1 1 2 2 2 2 2 1 1 2 1 2 2 2 2 2 2 1 2 2 2 2 1 2 2 2 2 5 2 2 2 2 1 2 2 1 2 2 2 2 2 2 2 1 2 1 5 2 2 2 2 2 2 2 2 2 2 1 2 2 2 2 8 8 2 2 2 2 2 2 5 1 2 5 5 2 8 2 11 2 2 5 1 5 2 14 5 5 2 5 2 8 5 2 2 5 2 2 2 2 2 2 5 8 2 8 2 35 8 2 8 20 10 8 17 20 17 26 5 23 74 41 245 116 527 2603 
0 0 0 0 0 0 0 0 0 0 0 0 0 0 0 0 1 0 0 0 0 0 0 0 0 0 0 0 0 0 0 0 0 0 0 0 0 0 0 0 0 0 0 0 0 0 0 0 0 0 0 0 0 0 1 0 0 0 0 0 0 0 1 0 0 0 0 0 0 0 0 0 0 0 0 0 1 0 0 0 0 1 1 0 1 0 1 0 0 0 0 1 0 0 0 0 0 1 0 0 0 0 0 0 1 0 0 0 0 0 0 0 0 1 0 1 0 1 0 1 0 0 0 0 0 0 1 0 0 1 1 1 0 1 1 1 0 0 1 0 1 0 0 1 1 0 1 1 1 0 2 1 0 1 1 0 1 1 1 1 1 1 0 1 1 0 0 1 1 1 1 2 1 1 0 1 0 1 1 1 1 1 0 1 0 1 1 1 2 2 1 2 2 1 1 1 1 1 1 1 1 2 1 1 1 1 1 1 1 1 2 1 2 2 2 1 1 1 2 2 1 1 1 2 1 1 1 2 2 0 1 1 1 1 1 1 1 1 2 1 1 1 2 1 1 2 2 1 2 2 2 2 1 2 1 1 2 2 2 2 2 2 1 2 1 2 2 1 1 2 1 1 2 2 2 2 2 2 1 1 2 1 2 1 2 2 5 5 2 2 1 2 2 2 1 2 1 2 2 1 2 2 2 2 1 2 2 2 5 2 2 2 2 4 1 2 2 2 2 2 2 2 2 1 2 2 5 2 2 2 2 2 2 2 5 2 2 2 2 5 2 2 2 2 2 2 2 2 2 2 2 5 5 2 2 8 2 5 2 2 2 5 5 2 8 14 2 0 2 1 2 2 17 8 1 2 14 2 2 8 2 2 5 5 2 11 26 5 26 35 2 17 62 2 17 47 3731 
0 0 0 0 0 0 0 0 0 0 0 0 0 0 0 0 0 0 0 0 0 0 0 0 0 0 0 0 0 0 0 0 0 0 0 0 0 0 0 0 0 0 0 0 0 0 0 0 0 1 0 0 0 0 0 0 0 0 0 0 2 0 0 0 0 0 0 0 0 1 0 0 0 0 1 0 0 1 1 0 0 0 0 0 0 0 0 1 1 0 0 1 0 0 0 1 0 1 0 1 0 0 0 0 1 0 1 1 0 1 0 0 1 0 0 0 1 0 0 1 1 0 1 1 1 0 0 1 0 0 1 0 1 0 0 1 1 0 0 1 0 1 1 1 1 1 1 0 1 1 1 1 1 1 1 0 1 1 0 1 0 1 1 1 1 1 1 0 1 1 0 0 1 1 0 1 1 0 1 1 2 1 1 2 1 2 1 1 1 1 0 1 2 0 1 0 1 0 1 1 2 1 1 1 1 1 1 1 2 1 1 2 1 1 1 0 1 2 1 0 0 1 2 2 2 1 2 0 2 2 1 1 1 1 2 2 2 1 1 1 2 1 1 1 1 2 2 2 1 2 1 1 1 2 2 2 1 1 2 2 2 1 2 2 2 2 2 1 2 2 2 2 2 2 1 2 1 1 2 2 2 2 1 2 1 1 2 2 2 2 2 2 2 2 2 2 4 2 2 2 2 2 2 2 1 2 1 2 2 2 1 2 0 2 0 2 1 2 2 1 2 0 2 2 2 2 1 5 2 2 2 2 2 2 1 2 2 2 5 2 2 2 5 2 2 2 5 2 2 5 2 2 2 2 2 2 14 2 2 1 2 2 2 5 2 2 2 2 5 5 2 5 2 2 29 2 5 8 5 5 2 5 2 8 17 2 2 11 14 2 50 41 59 32 47 32 3473 
0 0 0 0 0 0 0 0 0 0 0 0 0 0 0 0 0 0 0 0 0 1 0 0 0 1 0 0 0 0 0 0 0 0 0 0 0 0 0 0 0 0 0 0 0 0 1 0 0 0 1 0 0 0 1 0 0 0 1 0 0 0 0 0 0 0 0 0 0 0 0 0 1 1 0 0 0 0 1 0 0 0 0 0 0 0 1 0 0 0 0 0 1 0 1 1 0 1 0 0 0 1 1 1 1 1 0 0 0 0 1 1 0 0 0 0 0 0 0 0 1 0 0 1 1 0 0 1 1 0 1 1 1 0 0 0 0 0 1 0 1 1 1 1 1 0 1 1 0 2 0 0 0 1 2 0 1 1 0 0 1 1 1 1 0 1 0 1 2 0 2 0 0 0 1 1 0 1 1 1 1 1 1 1 1 2 0 1 1 1 1 1 1 1 1 2 0 1 1 1 1 1 1 1 1 1 1 1 1 2 2 1 1 0 1 1 1 1 2 2 2 2 1 1 1 2 1 1 2 1 1 1 2 0 1 1 1 1 2 1 1 1 2 2 0 2 2 2 1 0 1 1 2 2 2 2 1 1 1 1 1 1 1 1 2 2 2 2 1 2 0 2 2 2 2 5 1 2 2 2 2 2 2 2 1 2 2 2 2 2 2 2 2 2 2 2 2 2 2 2 2 2 2 2 2 2 2 1 2 1 2 2 1 2 2 2 2 2 2 2 2 2 5 2 2 2 2 2 2 2 2 2 5 2 2 2 2 1 2 2 2 1 2 5 2 2 2 5 2 2 5 5 2 2 2 2 2 5 2 8 8 2 8 5 2 8 5 5 2 5 4 1 2 2 11 5 5 8 2 1 11 5 26 5 2 2 2 22 20 14 41 98 5 38 17 17 3429 
0 0 0 0 0 0 0 0 0 0 0 0 0 0 0 0 0 0 0 0 0 0 0 0 0 0 0 0 0 0 0 0 0 0 0 0 0 0 0 0 0 0 0 0 0 0 0 0 0 0 0 0 1 0 0 0 0 0 0 1 0 0 0 0 0 0 0 0 1 0 0 0 0 0 0 1 0 1 1 0 0 0 0 1 1 0 0 0 0 0 0 0 0 0 0 0 0 0 1 1 0 0 0 0 1 0 0 0 0 1 1 1 0 0 0 0 0 0 1 1 0 1 0 0 1 0 1 0 2 1 0 1 0 1 1 0 0 0 0 1 1 1 0 1 0 2 1 0 1 1 0 0 1 0 1 1 0 0 1 0 2 1 1 0 1 1 1 1 0 2 1 0 1 1 1 2 2 1 1 1 1 1 1 1 1 1 1 1 1 1 1 1 1 1 1 1 1 2 2 1 1 1 1 1 1 1 1 2 1 0 2 1 1 1 1 2 1 1 2 2 1 1 1 2 1 2 0 2 1 1 2 1 2 0 1 1 1 2 2 1 2 1 2 1 1 1 2 1 2 2 2 2 2 1 2 2 1 2 2 2 2 2 2 1 2 1 2 2 1 2 1 1 2 2 3 1 1 2 2 2 2 2 1 2 2 2 2 1 1 2 2 2 1 2 2 2 1 2 2 2 2 1 2 2 1 1 2 2 2 2 2 2 2 2 2 2 2 2 2 2 2 1 2 2 2 2 2 2 2 5 2 2 2 2 2 2 2 2 2 2 2 2 2 2 2 2 2 2 2 2 2 2 1 2 1 2 2 8 2 1 2 5 2 8 5 2 11 5 8 2 2 1 2 2 2 2 11 2 2 44 11 2 17 17 26 2 11 31 5 54 32 16 26 2 8 28 3648 
0 0 0 0 0 0 0 0 0 0 0 0 0 0 0 0 0 0 0 0 0 0 0 0 0 0 0 0 0 0 0 0 0 0 0 0 0 0 0 0 0 1 1 0 0 0 0 0 0 0 0 0 1 0 0 0 0 0 1 1 0 0 0 0 0 0 0 0 0 0 0 1 0 0 0 0 2 0 0 0 0 1 0 0 0 0 0 0 1 0 1 1 0 1 0 1 0 0 0 0 1 0 0 1 1 1 0 0 0 0 0 1 0 0 1 0 1 0 0 1 0 0 0 1 1 0 1 0 0 1 1 2 0 0 1 1 0 1 1 0 0 2 1 1 0 0 1 1 1 0 0 1 1 1 1 1 1 0 0 1 0 1 1 0 0 0 1 0 0 2 5 0 0 2 1 1 1 1 1 0 2 1 1 0 1 0 2 0 1 1 1 1 1 1 1 0 1 2 1 2 2 1 1 1 2 2 1 1 1 1 1 0 1 1 1 2 1 1 1 1 2 1 2 1 1 2 2 1 1 1 0 2 1 1 2 2 2 1 1 1 2 0 1 1 1 2 2 1 2 1 1 2 1 1 2 2 2 2 2 1 1 1 1 1 1 1 2 2 1 1 1 1 2 2 2 1 2 2 2 1 2 1 1 2 2 2 2 2 2 2 2 1 2 2 2 2 2 2 2 1 5 2 2 2 2 2 2 5 2 2 2 2 2 2 2 2 2 1 2 1 2 2 2 2 2 5 2 2 5 2 5 5 1 2 2 2 2 1 2 2 11 2 5 2 11 2 2 2 2 2 1 2 2 2 2 1 2 2 2 5 5 5 2 1 5 2 2 2 2 17 2 2 5 5 8 2 8 5 5 2 11 5 5 11 8 17 2 11 74 56 5 14 26 7 83 77 2937 
0 0 0 0 1 0 0 0 0 0 0 0 0 0 0 0 0 0 0 0 0 0 0 0 0 0 0 0 0 0 0 0 0 0 0 0 0 0 0 0 0 0 0 1 0 0 0 0 0 0 0 0 0 0 0 0 0 0 0 1 0 0 0 0 0 0 1 0 0 1 0 0 0 0 1 1 0 0 1 0 0 0 1 1 0 0 1 0 0 1 0 0 0 0 0 0 0 0 0 2 0 0 0 0 0 0 0 1 1 1 0 0 0 0 2 0 1 0 1 0 0 0 1 1 1 0 0 0 1 0 1 0 1 0 0 1 1 1 0 1 0 1 1 1 0 0 1 0 0 0 1 2 1 0 0 1 1 1 1 0 1 1 1 1 1 1 0 1 1 1 1 1 0 1 1 1 1 0 1 1 1 1 0 0 1 2 0 1 1 1 2 1 1 2 1 1 2 0 1 1 1 1 1 1 1 2 1 1 1 1 1 1 1 1 1 1 1 1 1 1 1 0 1 2 2 2 1 1 1 2 2 1 2 1 1 2 1 1 2 2 2 1 1 1 2 1 1 0 2 2 1 1 1 2 2 1 2 1 2 1 2 0 2 2 1 2 2 2 2 2 2 2 2 1 2 2 1 2 0 2 2 2 1 0 2 2 2 2 4 5 1 2 2 2 1 2 2 2 2 2 2 2 2 2 2 2 2 2 1 2 2 2 2 2 1 5 2 2 2 2 2 2 2 1 5 2 1 2 2 2 2 2 2 8 2 1 2 2 2 1 2 2 2 2 2 5 1 2 2 8 5 5 2 5 2 8 2 2 2 2 5 5 2 5 2 2 5 2 8 5 2 2 5 29 5 5 44 26 5 11 29 20 2 65 2 20 2 32 17 8 2 23 56 20 35 212 2941 
0 0 0 0 0 0 0 0 0 0 0 0 0 0 0 0 0 0 0 0 0 0 0 0 0 0 0 0 0 0 0 1 0 0 0 0 0 0 0 0 0 0 0 0 0 0 1 0 0 0 0 0 0 0 0 0 0 0 0 0 0 0 0 0 0 0 0 0 0 0 0 0 0 0 0 0 0 0 0 0 0 0 0 0 0 0 1 0 0 0 0 0 0 0 0 1 0 0 0 1 0 1 0 0 0 0 2 1 1 1 1 0 0 1 0 0 1 1 1 0 0 0 0 0 1 1 0 0 1 0 1 0 1 1 1 0 0 0 0 0 1 0 1 1 1 1 0 1 1 1 1 1 1 1 2 1 0 1 1 1 1 0 1 1 1 1 1 1 1 2 0 1 1 0 1 1 2 1 0 1 2 0 1 4 1 2 1 2 2 2 0 1 2 0 1 1 1 1 1 1 1 0 1 1 2 1 1 1 1 1 2 1 1 1 1 2 1 2 0 1 1 2 1 2 1 1 2 1 1 1 2 2 1 1 2 1 2 2 1 0 2 1 2 1 1 1 1 1 1 1 1 2 2 2 1 1 2 2 1 2 2 2 1 1 2 1 1 2 2 1 1 1 1 2 5 2 1 2 2 2 2 2 2 2 1 2 2 2 2 2 2 2 2 1 2 1 2 1 2 5 2 2 2 2 1 2 2 2 2 2 2 2 2 2 1 2 2 2 0 2 1 2 2 2 2 2 2 2 2 2 2 2 2 2 1 2 2 2 5 2 2 5 5 2 2 2 2 2 2 2 2 2 8 2 2 5 2 2 2 2 8 2 2 5 2 2 8 2 2 10 2 5 5 2 5 8 1 5 2 5 8 8 1 20 7 26 5 11 53 14 38 29 17 110 68 824 2482 
0 0 0 0 0 0 0 0 0 0 0 0 0 0 0 0 0 0 0 0 0 0 0 0 1 0 0 0 0 0 0 0 0 0 0 0 0 0 0 0 0 0 0 0 0 0 0 0 0 0 0 0 0 0 0 0 1 0 0 0 0 0 0 0 0 0 0 0 0 1 1 0 0 0 1 1 0 1 0 0 0 1 0 0 1 0 0 1 0 0 0 0 1 0 0 0 0 0 1 0 1 0 1 0 0 0 1 0 0 0 2 1 0 1 0 0 1 0 0 0 1 0 1 0 0 0 1 0 0 0 1 1 1 1 0 1 1 0 1 1 1 0 0 1 1 0 1 1 1 1 1 1 1 2 2 0 1 0 1 1 1 1 1 1 1 2 1 0 1 1 0 1 1 0 0 0 2 0 1 1 1 2 1 2 1 1 2 0 1 0 1 1 2 1 0 1 1 0 1 2 1 1 1 2 1 1 1 0 1 1 1 1 2 0 1 1 1 1 1 1 1 1 2 1 1 0 2 0 1 0 2 1 1 2 1 1 1 2 1 2 1 2 2 1 1 1 2 2 2 2 1 0 2 2 1 1 2 2 2 2 2 1 2 2 1 2 1 2 1 1 2 1 2 2 2 1 2 2 2 2 2 2 1 2 2 2 2 1 2 2 1 2 0 2 2 2 2 2 2 2 2 2 2 2 2 1 2 2 1 1 2 2 2 2 2 2 1 2 2 2 2 2 2 2 2 2 2 2 5 2 2 4 2 5 2 2 2 2 1 2 2 2 2 5 2 2 4 5 11 8 11 2 8 2 2 5 2 8 8 10 2 2 5 8 11 2 2 5 8 2 4 2 11 13 2 8 11 11 14 2 1 5 17 2 5 2 2 8 23 32 11 2 44 95 56 119 2816 
0 0 0 0 0 0 0 0 0 0 0 0 0 0 0 1 0 0 0 0 0 0 0 0 0 0 0 0 0 0 0 0 0 0 0 0 0 0 0 0 0 0 0 0 0 0 0 0 0 0 0 0 1 0 1 0 0 1 0 0 0 0 0 1 0 0 0 0 0 0 0 0 0 0 0 0 0 0 0 0 1 0 0 1 0 0 0 0 0 1 0 0 1 1 1 0 0 1 0 0 0 0 0 0 0 1 0 1 0 0 0 0 0 1 0 0 2 0 1 0 1 1 1 0 0 1 0 1 1 0 0 0 1 1 0 1 1 0 0 1 0 1 0 1 1 1 0 0 1 1 2 0 0 1 1 2 1 0 1 1 1 1 0 1 1 1 1 1 1 0 1 1 0 1 1 1 1 2 1 1 1 1 1 1 1 1 1 1 1 1 1 1 0 1 1 1 0 1 1 2 1 1 1 1 2 1 1 1 1 1 1 1 1 0 2 1 2 1 1 1 1 1 1 1 1 1 1 1 0 2 2 1 1 1 2 0 2 1 1 2 2 0 2 1 2 1 2 1 2 0 2 2 2 2 1 2 2 1 2 2 2 2 2 1 2 2 2 1 1 1 2 2 2 2 0 1 2 2 0 1 2 0 2 2 2 2 2 2 1 2 1 2 2 1 1 1 2 2 2 2 1 2 1 2 2 2 2 2 2 2 5 5 2 2 2 2 2 2 2 2 2 2 2 2 2 2 2 2 5 2 2 5 2 5 2 2 2 2 2 1 5 2 2 2 2 5 2 2 5 11 2 5 2 2 2 2 2 2 2 2 8 5 5 2 2 8 11 5 1 8 2 2 2 11 5 2 5 2 2 5 5 2 11 2 29 8 2 14 8 5 23 41 5 11 11 68 3769 
0 0 0 0 0 0 0 0 0 0 0 0 0 0 0 0 0 0 0 0 0 0 0 0 0 0 0 0 0 0 0 0 0 0 0 0 0 0 0 0 0 0 0 0 0 0 0 0 0 0 1 0 1 0 0 0 0 0 0 0 0 0 1 0 0 0 0 0 0 0 0 0 0 0 0 0 0 0 0 1 0 0 0 0 1 0 0 1 0 0 0 1 1 0 0 0 1 0 0 0 0 0 0 0 0 0 0 1 0 0 0 1 0 0 1 1 0 0 1 0 0 2 0 0 0 1 1 1 0 1 2 0 0 1 1 0 0 1 0 0 0 0 1 1 0 1 1 1 1 1 1 0 1 1 1 1 1 2 0 1 1 0 1 2 1 0 1 2 1 0 2 1 2 1 2 1 2 1 0 1 1 1 1 1 1 1 0 1 2 1 2 1 1 1 1 2 1 1 1 1 0 1 1 1 1 1 1 0 1 1 2 2 1 1 1 1 1 1 1 1 1 1 2 1 1 2 2 1 1 2 1 1 2 1 1 1 2 2 1 2 1 2 2 2 5 1 1 2 1 0 2 1 2 1 1 2 0 2 1 2 2 2 2 1 1 1 2 2 2 5 2 2 1 1 1 2 2 2 2 2 2 2 2 2 1 2 2 2 2 2 1 1 2 2 1 1 2 2 1 2 2 2 5 2 2 2 2 2 1 2 1 1 2 5 5 2 5 1 2 0 2 2 1 2 1 2 2 2 2 2 5 2 1 2 8 2 2 5 2 2 11 2 4 5 5 5 2 2 5 2 2 2 14 4 5 2 2 5 2 2 5 2 5 11 2 11 5 8 2 2 11 5 11 2 20 20 17 11 1 2 26 17 2 11 11 10 17 26 20 17 41 53 146 143 218 32 2647 
0 0 0 0 0 0 0 0 0 0 0 0 0 0 0 0 0 0 0 0 0 0 0 0 0 0 0 0 0 0 0 0 0 0 0 0 0 0 0 0 0 0 0 0 0 0 0 0 0 0 0 1 0 0 0 0 0 0 1 0 0 0 0 0 0 0 0 0 0 0 0 0 0 0 0 0 1 0 0 0 1 0 0 0 0 0 0 0 0 1 0 0 0 0 1 0 0 0 0 0 0 0 1 0 0 0 0 1 0 0 0 1 0 0 1 0 1 0 0 0 0 1 1 1 0 0 0 1 0 0 1 0 1 1 1 1 1 1 1 0 1 1 1 1 0 1 1 0 1 1 1 1 1 0 1 1 1 1 0 1 1 1 0 1 2 1 1 1 1 1 1 1 1 0 0 2 1 2 1 0 1 1 2 1 1 1 1 1 2 1 1 1 1 0 2 1 2 0 1 1 0 1 1 1 1 1 1 1 0 1 1 2 1 1 1 1 2 1 1 2 1 2 2 1 1 1 1 1 1 2 1 1 0 1 1 1 2 2 2 1 2 1 1 1 1 1 2 1 2 1 1 2 2 1 2 2 2 2 2 2 1 2 2 2 2 2 2 1 2 1 1 2 1 2 1 2 2 2 1 2 2 1 2 2 2 2 2 2 2 1 2 2 2 5 2 2 2 2 2 2 5 2 2 2 2 2 2 2 2 2 2 1 2 2 2 2 2 5 4 2 4 2 2 2 2 1 1 2 0 2 2 2 5 2 1 5 2 5 2 5 2 2 8 2 2 2 2 2 2 5 2 2 8 2 2 7 2 2 2 8 2 23 5 2 5 5 5 2 11 2 2 11 5 8 11 14 11 8 1 5 8 86 2 8 20 14 5 35 0 35 20 23 11 38 50 104 3196 
0 0 0 0 0 0 0 0 0 0 0 0 0 0 0 0 0 0 0 0 0 1 0 0 0 0 0 0 0 0 0 0 0 0 0 0 0 0 1 0 0 0 0 1 0 0 0 0 0 0 0 0 0 0 0 0 0 0 0 1 0 0 1 0 0 0 0 0 2 0 1 0 0 0 1 1 1 0 1 0 0 0 0 0 0 0 1 1 0 1 1 0 0 0 0 2 1 0 0 0 1 0 0 0 0 1 0 1 0 1 2 0 0 0 0 1 0 1 1 0 0 0 1 0 0 1 1 0 0 1 0 1 0 0 0 1 0 1 1 0 0 1 0 0 1 1 0 2 1 1 1 1 1 1 0 2 1 2 1 0 0 1 0 0 0 1 1 1 2 0 1 2 0 0 0 1 1 1 2 1 1 1 0 2 0 0 2 1 1 1 1 1 1 1 1 1 1 2 1 2 1 0 0 1 1 1 2 1 2 1 1 2 2 1 0 1 1 1 1 1 1 1 1 1 1 1 1 2 0 1 1 2 2 1 2 1 1 2 1 1 1 4 1 1 2 4 1 0 1 2 2 1 2 2 2 1 1 0 2 2 2 0 2 1 2 2 1 2 1 2 2 1 1 2 2 1 2 2 2 2 1 2 1 1 2 2 2 2 1 2 2 2 1 2 2 2 2 2 2 1 0 2 2 2 2 2 1 2 2 1 2 2 2 2 2 2 2 2 8 2 2 2 2 2 2 2 2 2 5 1 2 2 2 2 2 2 2 1 2 2 2 2 2 2 1 2 2 2 10 2 2 2 2 2 8 5 5 2 2 5 2 11 2 2 2 5 2 2 11 2 1 2 5 2 2 2 2 2 5 8 5 2 2 5 11 5 2 2 2 2 2 8 74 73 2 23 3365 
